0.0 51
10.0 58
20.0 67
30.0 96
40.0 97
50.0 167
60.0 177
70.0 170
80.0 250
90.0 267
100.0 343
110.0 358
120.0 417
130.0 482
140.0 566
150.0 639
160.0 663
170.0 693
180.0 780
190.0 806
200.0 854
210.0 861
220.0 915
230.0 963
240.0 1024
250.0 987
260.0 1018
270.0 982
280.0 965
290.0 1000
300.0 1021
310.0 958
320.0 974
330.0 953
340.0 885
350.0 913
360.0 891
370.0 881
380.0 829
390.0 958
400.0 912
410.0 942
420.0 1066
430.0 1063
440.0 1151
450.0 1263
460.0 1302
470.0 1424
480.0 1495
490.0 1643
500.0 1768
510.0 1840
520.0 1951
530.0 2016
540.0 2159
550.0 2385
560.0 2391
570.0 2293
580.0 2364
590.0 2393
600.0 2271
610.0 2267
620.0 2138
630.0 2000
640.0 1897
650.0 1723
660.0 1500
670.0 1454
680.0 1246
690.0 1001
700.0 891
710.0 757
720.0 629
730.0 527
740.0 393
750.0 321
760.0 242
770.0 194
780.0 151
790.0 126
800.0 84
810.0 61
820.0 36
830.0 39
840.0 21
850.0 8
860.0 7
870.0 8
880.0 2
890.0 4
900.0 3
910.0 0
920.0 1
930.0 0
940.0 0
950.0 0
960.0 0
970.0 0
980.0 0
990.0 0
1000.0 0
1010.0 0
1020.0 0
1030.0 0
1040.0 0
1050.0 0
1060.0 0
1070.0 0
1080.0 0
1090.0 0
1100.0 0
1110.0 0
1120.0 0
1130.0 0
1140.0 0
1150.0 0
1160.0 0
1170.0 0
1180.0 0
1190.0 0
1200.0 0
1210.0 0
1220.0 0
1230.0 0
1240.0 0
1250.0 0
1260.0 0
1270.0 0
1280.0 0
1290.0 0
1300.0 0
1310.0 0
1320.0 0
1330.0 0
1340.0 0
1350.0 0
1360.0 0
1370.0 0
1380.0 0
1390.0 0
1400.0 0
1410.0 0
1420.0 0
1430.0 0
1440.0 0
1450.0 0
1460.0 0
1470.0 0
1480.0 0
1490.0 0
