0.0 7
10.0 8
20.0 20
30.0 16
40.0 20
50.0 25
60.0 22
70.0 23
80.0 45
90.0 52
100.0 48
110.0 56
120.0 82
130.0 72
140.0 107
150.0 121
160.0 137
170.0 129
180.0 189
190.0 201
200.0 244
210.0 246
220.0 264
230.0 318
240.0 291
250.0 330
260.0 387
270.0 399
280.0 453
290.0 457
300.0 478
310.0 479
320.0 527
330.0 594
340.0 543
350.0 577
360.0 601
370.0 568
380.0 606
390.0 592
400.0 622
410.0 667
420.0 629
430.0 652
440.0 638
450.0 613
460.0 663
470.0 687
480.0 732
490.0 685
500.0 735
510.0 734
520.0 705
530.0 723
540.0 749
550.0 759
560.0 734
570.0 791
580.0 769
590.0 780
600.0 777
610.0 832
620.0 819
630.0 883
640.0 908
650.0 955
660.0 1002
670.0 1050
680.0 1169
690.0 1251
700.0 1371
710.0 1426
720.0 1634
730.0 1754
740.0 1841
750.0 2014
760.0 2191
770.0 2306
780.0 2511
790.0 2554
800.0 2706
810.0 2818
820.0 2802
830.0 2748
840.0 2630
850.0 2717
860.0 2671
870.0 2358
880.0 2298
890.0 2086
900.0 1939
910.0 1790
920.0 1530
930.0 1331
940.0 1137
950.0 1027
960.0 779
970.0 697
980.0 548
990.0 423
1000.0 338
1010.0 293
1020.0 226
1030.0 128
1040.0 115
1050.0 76
1060.0 67
1070.0 37
1080.0 30
1090.0 17
1100.0 11
1110.0 12
1120.0 6
1130.0 4
1140.0 3
1150.0 3
1160.0 1
1170.0 2
1180.0 0
1190.0 0
1200.0 0
1210.0 0
1220.0 0
1230.0 0
1240.0 0
1250.0 0
1260.0 0
1270.0 0
1280.0 0
1290.0 0
1300.0 0
1310.0 0
1320.0 0
1330.0 0
1340.0 0
1350.0 0
1360.0 0
1370.0 0
1380.0 0
1390.0 0
1400.0 0
1410.0 0
1420.0 0
1430.0 0
1440.0 0
1450.0 0
1460.0 0
1470.0 0
1480.0 0
1490.0 0
