0.0 47
10.0 53
20.0 62
30.0 89
40.0 114
50.0 142
60.0 161
70.0 178
80.0 216
90.0 257
100.0 267
110.0 347
120.0 344
130.0 417
140.0 459
150.0 522
160.0 575
170.0 606
180.0 619
190.0 751
200.0 774
210.0 851
220.0 807
230.0 864
240.0 902
250.0 985
260.0 920
270.0 969
280.0 998
290.0 999
300.0 1062
310.0 1006
320.0 1115
330.0 1047
340.0 1081
350.0 969
360.0 1056
370.0 1022
380.0 1109
390.0 1102
400.0 1137
410.0 1108
420.0 1072
430.0 1110
440.0 1150
450.0 1188
460.0 1265
470.0 1306
480.0 1312
490.0 1335
500.0 1477
510.0 1519
520.0 1575
530.0 1666
540.0 1742
550.0 1873
560.0 1941
570.0 1947
580.0 2087
590.0 2083
600.0 2187
610.0 2206
620.0 2258
630.0 2127
640.0 2026
650.0 1959
660.0 1958
670.0 1806
680.0 1735
690.0 1580
700.0 1401
710.0 1197
720.0 1151
730.0 963
740.0 831
750.0 688
760.0 610
770.0 474
780.0 397
790.0 340
800.0 247
810.0 194
820.0 141
830.0 96
840.0 76
850.0 54
860.0 25
870.0 33
880.0 21
890.0 18
900.0 9
910.0 3
920.0 5
930.0 1
940.0 0
950.0 1
960.0 4
970.0 0
980.0 0
990.0 0
1000.0 0
1010.0 0
1020.0 0
1030.0 0
1040.0 0
1050.0 0
1060.0 0
1070.0 0
1080.0 0
1090.0 0
1100.0 0
1110.0 0
1120.0 0
1130.0 0
1140.0 0
1150.0 0
1160.0 0
1170.0 0
1180.0 0
1190.0 0
1200.0 0
1210.0 0
1220.0 0
1230.0 0
1240.0 0
1250.0 0
1260.0 0
1270.0 0
1280.0 0
1290.0 0
1300.0 0
1310.0 0
1320.0 0
1330.0 0
1340.0 0
1350.0 0
1360.0 0
1370.0 0
1380.0 0
1390.0 0
1400.0 0
1410.0 0
1420.0 0
1430.0 0
1440.0 0
1450.0 0
1460.0 0
1470.0 0
1480.0 0
1490.0 0
