0.0 8
10.0 12
20.0 18
30.0 17
40.0 23
50.0 41
60.0 21
70.0 32
80.0 40
90.0 68
100.0 63
110.0 73
120.0 107
130.0 96
140.0 126
150.0 132
160.0 158
170.0 165
180.0 211
190.0 231
200.0 276
210.0 284
220.0 331
230.0 355
240.0 400
250.0 409
260.0 417
270.0 474
280.0 478
290.0 521
300.0 590
310.0 572
320.0 565
330.0 588
340.0 576
350.0 627
360.0 597
370.0 582
380.0 632
390.0 605
400.0 567
410.0 573
420.0 567
430.0 587
440.0 558
450.0 584
460.0 606
470.0 570
480.0 548
490.0 579
500.0 552
510.0 575
520.0 625
530.0 571
540.0 593
550.0 640
560.0 648
570.0 674
580.0 733
590.0 733
600.0 794
610.0 810
620.0 940
630.0 1016
640.0 1088
650.0 1211
660.0 1404
670.0 1491
680.0 1736
690.0 1781
700.0 1951
710.0 2232
720.0 2424
730.0 2503
740.0 2728
750.0 2872
760.0 2927
770.0 3003
780.0 3092
790.0 2974
800.0 2987
810.0 2844
820.0 2824
830.0 2688
840.0 2392
850.0 2151
860.0 1978
870.0 1756
880.0 1525
890.0 1349
900.0 1211
910.0 959
920.0 820
930.0 615
940.0 536
950.0 386
960.0 302
970.0 224
980.0 175
990.0 133
1000.0 109
1010.0 63
1020.0 41
1030.0 36
1040.0 22
1050.0 17
1060.0 16
1070.0 5
1080.0 6
1090.0 2
1100.0 1
1110.0 0
1120.0 0
1130.0 0
1140.0 0
1150.0 0
1160.0 0
1170.0 0
1180.0 0
1190.0 0
1200.0 0
1210.0 0
1220.0 0
1230.0 0
1240.0 0
1250.0 0
1260.0 0
1270.0 0
1280.0 0
1290.0 0
1300.0 0
1310.0 0
1320.0 0
1330.0 0
1340.0 0
1350.0 0
1360.0 0
1370.0 0
1380.0 0
1390.0 0
1400.0 0
1410.0 0
1420.0 0
1430.0 0
1440.0 0
1450.0 0
1460.0 0
1470.0 0
1480.0 0
1490.0 0
