0.0 14
10.0 15
20.0 31
30.0 35
40.0 35
50.0 39
60.0 44
70.0 66
80.0 88
90.0 104
100.0 102
110.0 117
120.0 156
130.0 178
140.0 193
150.0 240
160.0 247
170.0 289
180.0 322
190.0 334
200.0 386
210.0 425
220.0 448
230.0 502
240.0 546
250.0 577
260.0 575
270.0 600
280.0 614
290.0 631
300.0 667
310.0 699
320.0 700
330.0 747
340.0 672
350.0 714
360.0 703
370.0 694
380.0 702
390.0 753
400.0 739
410.0 665
420.0 706
430.0 714
440.0 758
450.0 718
460.0 770
470.0 729
480.0 787
490.0 818
500.0 806
510.0 806
520.0 791
530.0 847
540.0 868
550.0 956
560.0 966
570.0 1024
580.0 1133
590.0 1178
600.0 1349
610.0 1427
620.0 1571
630.0 1750
640.0 1850
650.0 1882
660.0 2109
670.0 2208
680.0 2414
690.0 2591
700.0 2575
710.0 2579
720.0 2719
730.0 2763
740.0 2707
750.0 2636
760.0 2525
770.0 2571
780.0 2194
790.0 2189
800.0 1894
810.0 1827
820.0 1496
830.0 1330
840.0 1094
850.0 1008
860.0 811
870.0 693
880.0 536
890.0 457
900.0 342
910.0 292
920.0 223
930.0 176
940.0 122
950.0 78
960.0 69
970.0 43
980.0 40
990.0 24
1000.0 15
1010.0 8
1020.0 3
1030.0 8
1040.0 2
1050.0 0
1060.0 0
1070.0 1
1080.0 0
1090.0 0
1100.0 0
1110.0 0
1120.0 0
1130.0 0
1140.0 0
1150.0 0
1160.0 0
1170.0 0
1180.0 0
1190.0 0
1200.0 0
1210.0 0
1220.0 0
1230.0 0
1240.0 0
1250.0 0
1260.0 0
1270.0 0
1280.0 0
1290.0 0
1300.0 0
1310.0 0
1320.0 0
1330.0 0
1340.0 0
1350.0 0
1360.0 0
1370.0 0
1380.0 0
1390.0 0
1400.0 0
1410.0 0
1420.0 0
1430.0 0
1440.0 0
1450.0 0
1460.0 0
1470.0 0
1480.0 0
1490.0 0
