0.0 9
10.0 9
20.0 6
30.0 2
40.0 19
50.0 15
60.0 22
70.0 19
80.0 25
90.0 29
100.0 31
110.0 46
120.0 60
130.0 44
140.0 70
150.0 67
160.0 69
170.0 88
180.0 95
190.0 122
200.0 123
210.0 143
220.0 175
230.0 185
240.0 235
250.0 264
260.0 253
270.0 282
280.0 314
290.0 329
300.0 329
310.0 358
320.0 398
330.0 413
340.0 408
350.0 479
360.0 443
370.0 439
380.0 500
390.0 452
400.0 520
410.0 499
420.0 559
430.0 520
440.0 535
450.0 511
460.0 541
470.0 521
480.0 527
490.0 516
500.0 559
510.0 537
520.0 534
530.0 514
540.0 557
550.0 555
560.0 567
570.0 540
580.0 593
590.0 586
600.0 629
610.0 555
620.0 567
630.0 647
640.0 589
650.0 693
660.0 619
670.0 729
680.0 721
690.0 742
700.0 814
710.0 839
720.0 969
730.0 957
740.0 1150
750.0 1303
760.0 1435
770.0 1591
780.0 1730
790.0 1922
800.0 2086
810.0 2353
820.0 2465
830.0 2685
840.0 2689
850.0 2857
860.0 2952
870.0 3005
880.0 3089
890.0 3137
900.0 2972
910.0 2910
920.0 2859
930.0 2702
940.0 2445
950.0 2265
960.0 1920
970.0 1832
980.0 1571
990.0 1328
1000.0 1145
1010.0 1001
1020.0 769
1030.0 593
1040.0 528
1050.0 402
1060.0 315
1070.0 268
1080.0 184
1090.0 135
1100.0 95
1110.0 82
1120.0 51
1130.0 44
1140.0 26
1150.0 15
1160.0 7
1170.0 3
1180.0 3
1190.0 2
1200.0 1
1210.0 3
1220.0 0
1230.0 1
1240.0 0
1250.0 0
1260.0 0
1270.0 0
1280.0 0
1290.0 0
1300.0 0
1310.0 0
1320.0 0
1330.0 0
1340.0 0
1350.0 0
1360.0 0
1370.0 0
1380.0 0
1390.0 0
1400.0 0
1410.0 0
1420.0 0
1430.0 0
1440.0 0
1450.0 0
1460.0 0
1470.0 0
1480.0 0
1490.0 0
