0.0 36
10.0 31
20.0 30
30.0 50
40.0 61
50.0 81
60.0 74
70.0 108
80.0 124
90.0 175
100.0 164
110.0 224
120.0 236
130.0 231
140.0 292
150.0 335
160.0 369
170.0 433
180.0 468
190.0 491
200.0 537
210.0 609
220.0 609
230.0 701
240.0 674
250.0 711
260.0 723
270.0 758
280.0 790
290.0 789
300.0 869
310.0 866
320.0 851
330.0 925
340.0 903
350.0 854
360.0 864
370.0 858
380.0 845
390.0 889
400.0 878
410.0 899
420.0 875
430.0 822
440.0 961
450.0 954
460.0 919
470.0 891
480.0 947
490.0 974
500.0 1016
510.0 1055
520.0 1093
530.0 1181
540.0 1294
550.0 1340
560.0 1438
570.0 1488
580.0 1670
590.0 1755
600.0 1869
610.0 2035
620.0 2211
630.0 2309
640.0 2449
650.0 2437
660.0 2484
670.0 2490
680.0 2567
690.0 2528
700.0 2436
710.0 2363
720.0 2106
730.0 2031
740.0 1945
750.0 1598
760.0 1448
770.0 1312
780.0 1172
790.0 996
800.0 889
810.0 720
820.0 574
830.0 524
840.0 393
850.0 263
860.0 237
870.0 163
880.0 129
890.0 104
900.0 73
910.0 38
920.0 44
930.0 19
940.0 14
950.0 11
960.0 7
970.0 4
980.0 2
990.0 4
1000.0 0
1010.0 0
1020.0 1
1030.0 0
1040.0 0
1050.0 0
1060.0 0
1070.0 0
1080.0 0
1090.0 0
1100.0 0
1110.0 0
1120.0 0
1130.0 0
1140.0 0
1150.0 0
1160.0 0
1170.0 0
1180.0 0
1190.0 0
1200.0 0
1210.0 0
1220.0 0
1230.0 0
1240.0 0
1250.0 0
1260.0 0
1270.0 0
1280.0 0
1290.0 0
1300.0 0
1310.0 0
1320.0 0
1330.0 0
1340.0 0
1350.0 0
1360.0 0
1370.0 0
1380.0 0
1390.0 0
1400.0 0
1410.0 0
1420.0 0
1430.0 0
1440.0 0
1450.0 0
1460.0 0
1470.0 0
1480.0 0
1490.0 0
