0.0 95
10.0 109
20.0 133
30.0 141
40.0 214
50.0 233
60.0 283
70.0 331
80.0 417
90.0 463
100.0 552
110.0 616
120.0 671
130.0 753
140.0 829
150.0 868
160.0 960
170.0 964
180.0 1031
190.0 1060
200.0 1111
210.0 1136
220.0 1233
230.0 1247
240.0 1161
250.0 1204
260.0 1203
270.0 1158
280.0 1129
290.0 1143
300.0 1107
310.0 1136
320.0 1135
330.0 1135
340.0 1118
350.0 1088
360.0 1145
370.0 1210
380.0 1197
390.0 1250
400.0 1264
410.0 1342
420.0 1432
430.0 1522
440.0 1620
450.0 1625
460.0 1697
470.0 1879
480.0 1896
490.0 1936
500.0 2019
510.0 2097
520.0 2112
530.0 2052
540.0 2023
550.0 1909
560.0 1930
570.0 1816
580.0 1698
590.0 1503
600.0 1376
610.0 1292
620.0 1145
630.0 936
640.0 851
650.0 713
660.0 611
670.0 459
680.0 384
690.0 282
700.0 231
710.0 213
720.0 144
730.0 114
740.0 83
750.0 57
760.0 38
770.0 37
780.0 19
790.0 14
800.0 6
810.0 9
820.0 1
830.0 1
840.0 4
850.0 0
860.0 0
870.0 0
880.0 0
890.0 0
900.0 0
910.0 0
920.0 0
930.0 0
940.0 0
950.0 0
960.0 0
970.0 0
980.0 0
990.0 0
1000.0 0
1010.0 0
1020.0 0
1030.0 0
1040.0 0
1050.0 0
1060.0 0
1070.0 0
1080.0 0
1090.0 0
1100.0 0
1110.0 0
1120.0 0
1130.0 0
1140.0 0
1150.0 0
1160.0 0
1170.0 0
1180.0 0
1190.0 0
1200.0 0
1210.0 0
1220.0 0
1230.0 0
1240.0 0
1250.0 0
1260.0 0
1270.0 0
1280.0 0
1290.0 0
1300.0 0
1310.0 0
1320.0 0
1330.0 0
1340.0 0
1350.0 0
1360.0 0
1370.0 0
1380.0 0
1390.0 0
1400.0 0
1410.0 0
1420.0 0
1430.0 0
1440.0 0
1450.0 0
1460.0 0
1470.0 0
1480.0 0
1490.0 0
