0.0 34
10.0 39
20.0 52
30.0 57
40.0 55
50.0 90
60.0 99
70.0 104
80.0 142
90.0 130
100.0 194
110.0 177
120.0 255
130.0 300
140.0 372
150.0 358
160.0 400
170.0 447
180.0 492
190.0 540
200.0 618
210.0 619
220.0 659
230.0 685
240.0 736
250.0 791
260.0 811
270.0 811
280.0 822
290.0 823
300.0 864
310.0 844
320.0 947
330.0 897
340.0 921
350.0 907
360.0 884
370.0 915
380.0 907
390.0 916
400.0 1003
410.0 958
420.0 938
430.0 961
440.0 961
450.0 963
460.0 1004
470.0 967
480.0 1062
490.0 1089
500.0 1104
510.0 1119
520.0 1234
530.0 1312
540.0 1268
550.0 1350
560.0 1485
570.0 1668
580.0 1753
590.0 1801
600.0 1812
610.0 2061
620.0 2114
630.0 2243
640.0 2281
650.0 2386
660.0 2385
670.0 2395
680.0 2287
690.0 2286
700.0 2210
710.0 2165
720.0 1981
730.0 1848
740.0 1774
750.0 1563
760.0 1383
770.0 1304
780.0 1084
790.0 873
800.0 840
810.0 641
820.0 517
830.0 438
840.0 351
850.0 282
860.0 206
870.0 157
880.0 148
890.0 122
900.0 64
910.0 37
920.0 29
930.0 33
940.0 11
950.0 14
960.0 9
970.0 4
980.0 3
990.0 2
1000.0 1
1010.0 1
1020.0 0
1030.0 0
1040.0 0
1050.0 0
1060.0 0
1070.0 0
1080.0 0
1090.0 0
1100.0 0
1110.0 0
1120.0 0
1130.0 0
1140.0 0
1150.0 0
1160.0 0
1170.0 0
1180.0 0
1190.0 0
1200.0 0
1210.0 0
1220.0 0
1230.0 0
1240.0 0
1250.0 0
1260.0 0
1270.0 0
1280.0 0
1290.0 0
1300.0 0
1310.0 0
1320.0 0
1330.0 0
1340.0 0
1350.0 0
1360.0 0
1370.0 0
1380.0 0
1390.0 0
1400.0 0
1410.0 0
1420.0 0
1430.0 0
1440.0 0
1450.0 0
1460.0 0
1470.0 0
1480.0 0
1490.0 0
