0.0 17
10.0 12
20.0 17
30.0 27
40.0 37
50.0 42
60.0 51
70.0 55
80.0 76
90.0 89
100.0 69
110.0 116
120.0 136
130.0 154
140.0 149
150.0 197
160.0 210
170.0 262
180.0 251
190.0 303
200.0 337
210.0 376
220.0 346
230.0 361
240.0 423
250.0 467
260.0 514
270.0 509
280.0 608
290.0 592
300.0 561
310.0 607
320.0 618
330.0 722
340.0 677
350.0 655
360.0 732
370.0 719
380.0 737
390.0 769
400.0 724
410.0 760
420.0 773
430.0 798
440.0 842
450.0 820
460.0 774
470.0 829
480.0 873
490.0 842
500.0 853
510.0 908
520.0 887
530.0 860
540.0 856
550.0 938
560.0 948
570.0 969
580.0 955
590.0 979
600.0 1105
610.0 1144
620.0 1153
630.0 1258
640.0 1310
650.0 1370
660.0 1517
670.0 1595
680.0 1821
690.0 1896
700.0 2010
710.0 2114
720.0 2267
730.0 2345
740.0 2493
750.0 2543
760.0 2528
770.0 2586
780.0 2572
790.0 2469
800.0 2434
810.0 2292
820.0 2147
830.0 2033
840.0 1881
850.0 1739
860.0 1465
870.0 1367
880.0 1183
890.0 1042
900.0 917
910.0 734
920.0 591
930.0 475
940.0 370
950.0 307
960.0 215
970.0 167
980.0 135
990.0 104
1000.0 82
1010.0 48
1020.0 34
1030.0 24
1040.0 24
1050.0 13
1060.0 7
1070.0 5
1080.0 4
1090.0 3
1100.0 1
1110.0 2
1120.0 2
1130.0 1
1140.0 0
1150.0 0
1160.0 0
1170.0 0
1180.0 0
1190.0 0
1200.0 0
1210.0 0
1220.0 0
1230.0 0
1240.0 0
1250.0 0
1260.0 0
1270.0 0
1280.0 0
1290.0 0
1300.0 0
1310.0 0
1320.0 0
1330.0 0
1340.0 0
1350.0 0
1360.0 0
1370.0 0
1380.0 0
1390.0 0
1400.0 0
1410.0 0
1420.0 0
1430.0 0
1440.0 0
1450.0 0
1460.0 0
1470.0 0
1480.0 0
1490.0 0
