0.0 60
10.0 66
20.0 81
30.0 111
40.0 132
50.0 173
60.0 200
70.0 238
80.0 233
90.0 318
100.0 350
110.0 408
120.0 457
130.0 531
140.0 597
150.0 640
160.0 669
170.0 732
180.0 785
190.0 837
200.0 893
210.0 950
220.0 995
230.0 997
240.0 1022
250.0 1062
260.0 1013
270.0 1098
280.0 1026
290.0 1012
300.0 984
310.0 969
320.0 1003
330.0 1043
340.0 1027
350.0 924
360.0 991
370.0 974
380.0 996
390.0 1001
400.0 1062
410.0 1095
420.0 1110
430.0 1160
440.0 1156
450.0 1248
460.0 1351
470.0 1469
480.0 1549
490.0 1688
500.0 1738
510.0 1845
520.0 1899
530.0 2099
540.0 2179
550.0 2176
560.0 2247
570.0 2368
580.0 2313
590.0 2322
600.0 2202
610.0 2146
620.0 2056
630.0 1826
640.0 1825
650.0 1542
660.0 1379
670.0 1213
680.0 1103
690.0 894
700.0 794
710.0 686
720.0 540
730.0 476
740.0 364
750.0 282
760.0 214
770.0 160
780.0 118
790.0 92
800.0 52
810.0 40
820.0 40
830.0 31
840.0 18
850.0 13
860.0 6
870.0 2
880.0 3
890.0 2
900.0 0
910.0 0
920.0 0
930.0 0
940.0 0
950.0 0
960.0 0
970.0 0
980.0 0
990.0 0
1000.0 0
1010.0 0
1020.0 0
1030.0 0
1040.0 0
1050.0 0
1060.0 0
1070.0 0
1080.0 0
1090.0 0
1100.0 0
1110.0 0
1120.0 0
1130.0 0
1140.0 0
1150.0 0
1160.0 0
1170.0 0
1180.0 0
1190.0 0
1200.0 0
1210.0 0
1220.0 0
1230.0 0
1240.0 0
1250.0 0
1260.0 0
1270.0 0
1280.0 0
1290.0 0
1300.0 0
1310.0 0
1320.0 0
1330.0 0
1340.0 0
1350.0 0
1360.0 0
1370.0 0
1380.0 0
1390.0 0
1400.0 0
1410.0 0
1420.0 0
1430.0 0
1440.0 0
1450.0 0
1460.0 0
1470.0 0
1480.0 0
1490.0 0
