0.0 12
10.0 26
20.0 21
30.0 29
40.0 29
50.0 48
60.0 34
70.0 43
80.0 65
90.0 87
100.0 100
110.0 127
120.0 139
130.0 134
140.0 148
150.0 164
160.0 198
170.0 243
180.0 299
190.0 302
200.0 361
210.0 381
220.0 431
230.0 445
240.0 543
250.0 512
260.0 554
270.0 602
280.0 618
290.0 603
300.0 672
310.0 665
320.0 657
330.0 663
340.0 690
350.0 641
360.0 631
370.0 663
380.0 608
390.0 641
400.0 652
410.0 597
420.0 679
430.0 636
440.0 673
450.0 625
460.0 668
470.0 640
480.0 608
490.0 683
500.0 682
510.0 688
520.0 691
530.0 783
540.0 781
550.0 808
560.0 877
570.0 944
580.0 987
590.0 1059
600.0 1166
610.0 1351
620.0 1482
630.0 1641
640.0 1758
650.0 2009
660.0 2175
670.0 2293
680.0 2486
690.0 2611
700.0 2733
710.0 2797
720.0 2857
730.0 2892
740.0 3064
750.0 2938
760.0 2753
770.0 2707
780.0 2499
790.0 2274
800.0 2120
810.0 1882
820.0 1711
830.0 1493
840.0 1283
850.0 1080
860.0 885
870.0 781
880.0 613
890.0 483
900.0 422
910.0 313
920.0 217
930.0 174
940.0 145
950.0 87
960.0 86
970.0 49
980.0 26
990.0 16
1000.0 15
1010.0 21
1020.0 10
1030.0 3
1040.0 1
1050.0 2
1060.0 0
1070.0 0
1080.0 0
1090.0 0
1100.0 0
1110.0 0
1120.0 0
1130.0 0
1140.0 0
1150.0 0
1160.0 0
1170.0 0
1180.0 0
1190.0 0
1200.0 0
1210.0 0
1220.0 0
1230.0 0
1240.0 0
1250.0 0
1260.0 0
1270.0 0
1280.0 0
1290.0 0
1300.0 0
1310.0 0
1320.0 0
1330.0 0
1340.0 0
1350.0 0
1360.0 0
1370.0 0
1380.0 0
1390.0 0
1400.0 0
1410.0 0
1420.0 0
1430.0 0
1440.0 0
1450.0 0
1460.0 0
1470.0 0
1480.0 0
1490.0 0
