0.0 4
10.0 11
20.0 14
30.0 15
40.0 22
50.0 15
60.0 25
70.0 21
80.0 43
90.0 30
100.0 52
110.0 74
120.0 50
130.0 87
140.0 84
150.0 122
160.0 107
170.0 137
180.0 172
190.0 188
200.0 192
210.0 224
220.0 242
230.0 257
240.0 296
250.0 280
260.0 331
270.0 347
280.0 412
290.0 403
300.0 427
310.0 468
320.0 511
330.0 477
340.0 530
350.0 530
360.0 550
370.0 534
380.0 550
390.0 550
400.0 569
410.0 631
420.0 593
430.0 550
440.0 568
450.0 587
460.0 570
470.0 617
480.0 556
490.0 603
500.0 572
510.0 624
520.0 559
530.0 623
540.0 602
550.0 634
560.0 608
570.0 565
580.0 645
590.0 647
600.0 680
610.0 651
620.0 673
630.0 775
640.0 783
650.0 793
660.0 935
670.0 951
680.0 1064
690.0 1185
700.0 1262
710.0 1415
720.0 1482
730.0 1644
740.0 1828
750.0 2089
760.0 2279
770.0 2417
780.0 2622
790.0 2645
800.0 2855
810.0 2908
820.0 2979
830.0 3026
840.0 3139
850.0 2982
860.0 2947
870.0 2754
880.0 2565
890.0 2350
900.0 2158
910.0 1910
920.0 1788
930.0 1528
940.0 1258
950.0 1099
960.0 995
970.0 752
980.0 628
990.0 426
1000.0 379
1010.0 295
1020.0 247
1030.0 155
1040.0 141
1050.0 88
1060.0 71
1070.0 58
1080.0 27
1090.0 20
1100.0 14
1110.0 8
1120.0 6
1130.0 3
1140.0 4
1150.0 4
1160.0 2
1170.0 0
1180.0 0
1190.0 0
1200.0 0
1210.0 0
1220.0 0
1230.0 0
1240.0 0
1250.0 0
1260.0 0
1270.0 0
1280.0 0
1290.0 0
1300.0 0
1310.0 0
1320.0 0
1330.0 0
1340.0 0
1350.0 0
1360.0 0
1370.0 0
1380.0 0
1390.0 0
1400.0 0
1410.0 0
1420.0 0
1430.0 0
1440.0 0
1450.0 0
1460.0 0
1470.0 0
1480.0 0
1490.0 0
