0.0 13
10.0 17
20.0 14
30.0 16
40.0 29
50.0 36
60.0 45
70.0 46
80.0 57
90.0 62
100.0 84
110.0 116
120.0 101
130.0 130
140.0 135
150.0 177
160.0 202
170.0 248
180.0 226
190.0 269
200.0 287
210.0 330
220.0 341
230.0 422
240.0 426
250.0 481
260.0 482
270.0 459
280.0 569
290.0 565
300.0 560
310.0 592
320.0 650
330.0 649
340.0 672
350.0 642
360.0 669
370.0 707
380.0 674
390.0 711
400.0 696
410.0 742
420.0 756
430.0 741
440.0 718
450.0 694
460.0 735
470.0 749
480.0 782
490.0 752
500.0 747
510.0 763
520.0 800
530.0 762
540.0 773
550.0 818
560.0 878
570.0 876
580.0 898
590.0 1005
600.0 989
610.0 998
620.0 1067
630.0 1160
640.0 1268
650.0 1364
660.0 1421
670.0 1553
680.0 1795
690.0 1907
700.0 2092
710.0 2158
720.0 2192
730.0 2301
740.0 2557
750.0 2645
760.0 2701
770.0 2732
780.0 2669
790.0 2609
800.0 2605
810.0 2474
820.0 2350
830.0 2182
840.0 2081
850.0 1952
860.0 1705
870.0 1516
880.0 1286
890.0 1121
900.0 926
910.0 784
920.0 671
930.0 551
940.0 465
950.0 304
960.0 262
970.0 204
980.0 154
990.0 118
1000.0 67
1010.0 55
1020.0 48
1030.0 32
1040.0 16
1050.0 15
1060.0 12
1070.0 5
1080.0 3
1090.0 0
1100.0 2
1110.0 1
1120.0 0
1130.0 0
1140.0 0
1150.0 0
1160.0 0
1170.0 0
1180.0 0
1190.0 0
1200.0 0
1210.0 0
1220.0 0
1230.0 0
1240.0 0
1250.0 0
1260.0 0
1270.0 0
1280.0 0
1290.0 0
1300.0 0
1310.0 0
1320.0 0
1330.0 0
1340.0 0
1350.0 0
1360.0 0
1370.0 0
1380.0 0
1390.0 0
1400.0 0
1410.0 0
1420.0 0
1430.0 0
1440.0 0
1450.0 0
1460.0 0
1470.0 0
1480.0 0
1490.0 0
