0.0 19
10.0 23
20.0 26
30.0 34
40.0 40
50.0 45
60.0 47
70.0 71
80.0 95
90.0 81
100.0 127
110.0 137
120.0 173
130.0 176
140.0 196
150.0 219
160.0 290
170.0 300
180.0 318
190.0 371
200.0 409
210.0 389
220.0 471
230.0 532
240.0 532
250.0 557
260.0 620
270.0 631
280.0 659
290.0 700
300.0 641
310.0 696
320.0 718
330.0 712
340.0 779
350.0 736
360.0 730
370.0 739
380.0 783
390.0 822
400.0 823
410.0 780
420.0 777
430.0 779
440.0 817
450.0 821
460.0 785
470.0 797
480.0 822
490.0 794
500.0 906
510.0 880
520.0 921
530.0 902
540.0 946
550.0 1010
560.0 1077
570.0 1099
580.0 1203
590.0 1276
600.0 1393
610.0 1440
620.0 1604
630.0 1697
640.0 1770
650.0 1944
660.0 2076
670.0 2248
680.0 2373
690.0 2462
700.0 2556
710.0 2604
720.0 2678
730.0 2634
740.0 2554
750.0 2527
760.0 2481
770.0 2328
780.0 2128
790.0 2012
800.0 1835
810.0 1635
820.0 1453
830.0 1247
840.0 1045
850.0 951
860.0 720
870.0 606
880.0 477
890.0 406
900.0 307
910.0 234
920.0 212
930.0 135
940.0 109
950.0 86
960.0 47
970.0 32
980.0 23
990.0 21
1000.0 17
1010.0 6
1020.0 3
1030.0 0
1040.0 1
1050.0 3
1060.0 1
1070.0 0
1080.0 0
1090.0 1
1100.0 0
1110.0 0
1120.0 0
1130.0 0
1140.0 0
1150.0 0
1160.0 0
1170.0 0
1180.0 0
1190.0 0
1200.0 0
1210.0 0
1220.0 0
1230.0 0
1240.0 0
1250.0 0
1260.0 0
1270.0 0
1280.0 0
1290.0 0
1300.0 0
1310.0 0
1320.0 0
1330.0 0
1340.0 0
1350.0 0
1360.0 0
1370.0 0
1380.0 0
1390.0 0
1400.0 0
1410.0 0
1420.0 0
1430.0 0
1440.0 0
1450.0 0
1460.0 0
1470.0 0
1480.0 0
1490.0 0
