0.0 110
10.0 109
20.0 160
30.0 217
40.0 264
50.0 281
60.0 329
70.0 420
80.0 462
90.0 544
100.0 611
110.0 630
120.0 730
130.0 777
140.0 874
150.0 990
160.0 998
170.0 1079
180.0 1156
190.0 1204
200.0 1253
210.0 1268
220.0 1231
230.0 1216
240.0 1320
250.0 1226
260.0 1278
270.0 1345
280.0 1179
290.0 1241
300.0 1250
310.0 1306
320.0 1276
330.0 1279
340.0 1280
350.0 1262
360.0 1266
370.0 1327
380.0 1386
390.0 1369
400.0 1396
410.0 1452
420.0 1564
430.0 1565
440.0 1602
450.0 1665
460.0 1781
470.0 1726
480.0 1940
490.0 1855
500.0 1856
510.0 1928
520.0 1916
530.0 1822
540.0 1832
550.0 1695
560.0 1555
570.0 1527
580.0 1371
590.0 1334
600.0 1184
610.0 1036
620.0 872
630.0 789
640.0 705
650.0 597
660.0 497
670.0 364
680.0 308
690.0 251
700.0 191
710.0 158
720.0 133
730.0 93
740.0 62
750.0 46
760.0 32
770.0 24
780.0 9
790.0 8
800.0 4
810.0 5
820.0 5
830.0 5
840.0 0
850.0 0
860.0 0
870.0 0
880.0 0
890.0 0
900.0 0
910.0 0
920.0 0
930.0 0
940.0 0
950.0 0
960.0 0
970.0 0
980.0 0
990.0 0
1000.0 0
1010.0 0
1020.0 0
1030.0 0
1040.0 0
1050.0 0
1060.0 0
1070.0 0
1080.0 0
1090.0 0
1100.0 0
1110.0 0
1120.0 0
1130.0 0
1140.0 0
1150.0 0
1160.0 0
1170.0 0
1180.0 0
1190.0 0
1200.0 0
1210.0 0
1220.0 0
1230.0 0
1240.0 0
1250.0 0
1260.0 0
1270.0 0
1280.0 0
1290.0 0
1300.0 0
1310.0 0
1320.0 0
1330.0 0
1340.0 0
1350.0 0
1360.0 0
1370.0 0
1380.0 0
1390.0 0
1400.0 0
1410.0 0
1420.0 0
1430.0 0
1440.0 0
1450.0 0
1460.0 0
1470.0 0
1480.0 0
1490.0 0
