0.0 201
10.0 230
20.0 294
30.0 338
40.0 436
50.0 484
60.0 534
70.0 645
80.0 762
90.0 884
100.0 870
110.0 1008
120.0 1093
130.0 1171
140.0 1266
150.0 1361
160.0 1438
170.0 1458
180.0 1433
190.0 1536
200.0 1567
210.0 1614
220.0 1499
230.0 1588
240.0 1500
250.0 1579
260.0 1484
270.0 1514
280.0 1555
290.0 1538
300.0 1455
310.0 1485
320.0 1508
330.0 1379
340.0 1532
350.0 1534
360.0 1567
370.0 1544
380.0 1625
390.0 1713
400.0 1742
410.0 1814
420.0 1793
430.0 1849
440.0 1828
450.0 1884
460.0 1926
470.0 1881
480.0 1893
490.0 1775
500.0 1744
510.0 1584
520.0 1600
530.0 1381
540.0 1318
550.0 1210
560.0 974
570.0 910
580.0 785
590.0 716
600.0 596
610.0 489
620.0 385
630.0 295
640.0 266
650.0 173
660.0 128
670.0 127
680.0 96
690.0 57
700.0 41
710.0 29
720.0 27
730.0 17
740.0 8
750.0 8
760.0 4
770.0 3
780.0 4
790.0 2
800.0 0
810.0 0
820.0 0
830.0 0
840.0 1
850.0 0
860.0 0
870.0 0
880.0 0
890.0 0
900.0 0
910.0 0
920.0 0
930.0 0
940.0 0
950.0 0
960.0 0
970.0 0
980.0 0
990.0 0
1000.0 0
1010.0 0
1020.0 0
1030.0 0
1040.0 0
1050.0 0
1060.0 0
1070.0 0
1080.0 0
1090.0 0
1100.0 0
1110.0 0
1120.0 0
1130.0 0
1140.0 0
1150.0 0
1160.0 0
1170.0 0
1180.0 0
1190.0 0
1200.0 0
1210.0 0
1220.0 0
1230.0 0
1240.0 0
1250.0 0
1260.0 0
1270.0 0
1280.0 0
1290.0 0
1300.0 0
1310.0 0
1320.0 0
1330.0 0
1340.0 0
1350.0 0
1360.0 0
1370.0 0
1380.0 0
1390.0 0
1400.0 0
1410.0 0
1420.0 0
1430.0 0
1440.0 0
1450.0 0
1460.0 0
1470.0 0
1480.0 0
1490.0 0
