0.0 9
10.0 8
20.0 16
30.0 16
40.0 15
50.0 16
60.0 13
70.0 24
80.0 33
90.0 34
100.0 39
110.0 44
120.0 51
130.0 58
140.0 57
150.0 77
160.0 78
170.0 93
180.0 117
190.0 126
200.0 160
210.0 189
220.0 192
230.0 208
240.0 224
250.0 236
260.0 266
270.0 279
280.0 321
290.0 346
300.0 364
310.0 334
320.0 408
330.0 420
340.0 425
350.0 484
360.0 435
370.0 503
380.0 494
390.0 456
400.0 523
410.0 523
420.0 560
430.0 528
440.0 525
450.0 579
460.0 544
470.0 553
480.0 554
490.0 576
500.0 581
510.0 599
520.0 613
530.0 563
540.0 597
550.0 637
560.0 595
570.0 605
580.0 643
590.0 607
600.0 607
610.0 642
620.0 657
630.0 651
640.0 640
650.0 690
660.0 704
670.0 779
680.0 789
690.0 829
700.0 875
710.0 936
720.0 1034
730.0 1057
740.0 1206
750.0 1319
760.0 1370
770.0 1531
780.0 1717
790.0 1953
800.0 2055
810.0 2265
820.0 2421
830.0 2534
840.0 2730
850.0 2954
860.0 2884
870.0 2915
880.0 3067
890.0 2910
900.0 2894
910.0 2838
920.0 2693
930.0 2513
940.0 2431
950.0 2134
960.0 1939
970.0 1654
980.0 1531
990.0 1303
1000.0 1071
1010.0 854
1020.0 791
1030.0 584
1040.0 514
1050.0 381
1060.0 282
1070.0 239
1080.0 181
1090.0 121
1100.0 90
1110.0 60
1120.0 52
1130.0 38
1140.0 25
1150.0 15
1160.0 8
1170.0 5
1180.0 5
1190.0 2
1200.0 1
1210.0 1
1220.0 1
1230.0 0
1240.0 0
1250.0 0
1260.0 0
1270.0 0
1280.0 0
1290.0 0
1300.0 0
1310.0 0
1320.0 0
1330.0 0
1340.0 0
1350.0 0
1360.0 0
1370.0 0
1380.0 0
1390.0 0
1400.0 0
1410.0 0
1420.0 0
1430.0 0
1440.0 0
1450.0 0
1460.0 0
1470.0 0
1480.0 0
1490.0 0
