0.0 28
10.0 28
20.0 43
30.0 48
40.0 52
50.0 63
60.0 84
70.0 77
80.0 95
90.0 118
100.0 133
110.0 174
120.0 212
130.0 205
140.0 235
150.0 264
160.0 266
170.0 351
180.0 408
190.0 393
200.0 427
210.0 481
220.0 510
230.0 564
240.0 597
250.0 589
260.0 624
270.0 670
280.0 707
290.0 675
300.0 762
310.0 746
320.0 779
330.0 788
340.0 824
350.0 880
360.0 871
370.0 889
380.0 873
390.0 916
400.0 898
410.0 990
420.0 887
430.0 944
440.0 922
450.0 912
460.0 888
470.0 960
480.0 981
490.0 966
500.0 1029
510.0 1000
520.0 1027
530.0 1019
540.0 1084
550.0 1160
560.0 1231
570.0 1240
580.0 1218
590.0 1385
600.0 1447
610.0 1518
620.0 1689
630.0 1749
640.0 1855
650.0 1951
660.0 1983
670.0 2168
680.0 2232
690.0 2332
700.0 2353
710.0 2437
720.0 2450
730.0 2434
740.0 2299
750.0 2212
760.0 2139
770.0 2153
780.0 1947
790.0 1703
800.0 1588
810.0 1399
820.0 1169
830.0 1039
840.0 897
850.0 763
860.0 650
870.0 520
880.0 415
890.0 322
900.0 239
910.0 173
920.0 156
930.0 99
940.0 95
950.0 55
960.0 43
970.0 36
980.0 29
990.0 15
1000.0 14
1010.0 4
1020.0 5
1030.0 1
1040.0 0
1050.0 0
1060.0 0
1070.0 0
1080.0 2
1090.0 0
1100.0 0
1110.0 0
1120.0 0
1130.0 0
1140.0 0
1150.0 0
1160.0 0
1170.0 0
1180.0 0
1190.0 0
1200.0 0
1210.0 0
1220.0 0
1230.0 0
1240.0 0
1250.0 0
1260.0 0
1270.0 0
1280.0 0
1290.0 0
1300.0 0
1310.0 0
1320.0 0
1330.0 0
1340.0 0
1350.0 0
1360.0 0
1370.0 0
1380.0 0
1390.0 0
1400.0 0
1410.0 0
1420.0 0
1430.0 0
1440.0 0
1450.0 0
1460.0 0
1470.0 0
1480.0 0
1490.0 0
