0.0 55
10.0 74
20.0 93
30.0 110
40.0 128
50.0 161
60.0 188
70.0 237
80.0 283
90.0 281
100.0 368
110.0 428
120.0 450
130.0 500
140.0 597
150.0 643
160.0 695
170.0 755
180.0 816
190.0 907
200.0 890
210.0 909
220.0 893
230.0 986
240.0 994
250.0 1018
260.0 1035
270.0 1054
280.0 1049
290.0 1074
300.0 1036
310.0 1019
320.0 1003
330.0 1038
340.0 996
350.0 1003
360.0 1001
370.0 934
380.0 1061
390.0 1056
400.0 1003
410.0 1020
420.0 1150
430.0 1155
440.0 1227
450.0 1291
460.0 1329
470.0 1504
480.0 1491
490.0 1571
500.0 1744
510.0 1892
520.0 1893
530.0 2110
540.0 2096
550.0 2196
560.0 2316
570.0 2314
580.0 2281
590.0 2242
600.0 2136
610.0 2145
620.0 1920
630.0 1827
640.0 1785
650.0 1591
660.0 1380
670.0 1258
680.0 1163
690.0 931
700.0 817
710.0 699
720.0 533
730.0 468
740.0 382
750.0 282
760.0 214
770.0 169
780.0 138
790.0 88
800.0 66
810.0 46
820.0 31
830.0 21
840.0 20
850.0 13
860.0 7
870.0 5
880.0 0
890.0 5
900.0 0
910.0 0
920.0 0
930.0 0
940.0 0
950.0 1
960.0 0
970.0 0
980.0 0
990.0 0
1000.0 0
1010.0 0
1020.0 0
1030.0 0
1040.0 0
1050.0 0
1060.0 0
1070.0 0
1080.0 0
1090.0 0
1100.0 0
1110.0 0
1120.0 0
1130.0 0
1140.0 0
1150.0 0
1160.0 0
1170.0 0
1180.0 0
1190.0 0
1200.0 0
1210.0 0
1220.0 0
1230.0 0
1240.0 0
1250.0 0
1260.0 0
1270.0 0
1280.0 0
1290.0 0
1300.0 0
1310.0 0
1320.0 0
1330.0 0
1340.0 0
1350.0 0
1360.0 0
1370.0 0
1380.0 0
1390.0 0
1400.0 0
1410.0 0
1420.0 0
1430.0 0
1440.0 0
1450.0 0
1460.0 0
1470.0 0
1480.0 0
1490.0 0
