0.0 85
10.0 120
20.0 132
30.0 176
40.0 182
50.0 231
60.0 280
70.0 330
80.0 382
90.0 447
100.0 464
110.0 607
120.0 664
130.0 737
140.0 758
150.0 885
160.0 929
170.0 952
180.0 1074
190.0 1126
200.0 1138
210.0 1135
220.0 1151
230.0 1124
240.0 1098
250.0 1179
260.0 1152
270.0 1126
280.0 1145
290.0 1164
300.0 1059
310.0 1131
320.0 1032
330.0 1046
340.0 1021
350.0 1064
360.0 1097
370.0 1145
380.0 1178
390.0 1159
400.0 1295
410.0 1368
420.0 1349
430.0 1423
440.0 1601
450.0 1605
460.0 1790
470.0 1859
480.0 1940
490.0 2065
500.0 2033
510.0 2103
520.0 2178
530.0 2150
540.0 2071
550.0 2012
560.0 1982
570.0 1804
580.0 1728
590.0 1596
600.0 1438
610.0 1360
620.0 1119
630.0 1032
640.0 879
650.0 770
660.0 613
670.0 507
680.0 431
690.0 319
700.0 262
710.0 202
720.0 155
730.0 132
740.0 78
750.0 66
760.0 43
770.0 38
780.0 25
790.0 16
800.0 9
810.0 7
820.0 3
830.0 3
840.0 2
850.0 3
860.0 1
870.0 1
880.0 1
890.0 0
900.0 0
910.0 0
920.0 0
930.0 0
940.0 0
950.0 0
960.0 0
970.0 0
980.0 0
990.0 0
1000.0 0
1010.0 0
1020.0 0
1030.0 0
1040.0 0
1050.0 0
1060.0 0
1070.0 0
1080.0 0
1090.0 0
1100.0 0
1110.0 0
1120.0 0
1130.0 0
1140.0 0
1150.0 0
1160.0 0
1170.0 0
1180.0 0
1190.0 0
1200.0 0
1210.0 0
1220.0 0
1230.0 0
1240.0 0
1250.0 0
1260.0 0
1270.0 0
1280.0 0
1290.0 0
1300.0 0
1310.0 0
1320.0 0
1330.0 0
1340.0 0
1350.0 0
1360.0 0
1370.0 0
1380.0 0
1390.0 0
1400.0 0
1410.0 0
1420.0 0
1430.0 0
1440.0 0
1450.0 0
1460.0 0
1470.0 0
1480.0 0
1490.0 0
