0.0 71
10.0 67
20.0 105
30.0 106
40.0 153
50.0 168
60.0 197
70.0 248
80.0 259
90.0 352
100.0 387
110.0 431
120.0 509
130.0 542
140.0 620
150.0 624
160.0 755
170.0 785
180.0 825
190.0 868
200.0 904
210.0 969
220.0 954
230.0 1058
240.0 1045
250.0 1081
260.0 1083
270.0 1065
280.0 1065
290.0 1037
300.0 1049
310.0 1049
320.0 1025
330.0 1035
340.0 1031
350.0 1036
360.0 1040
370.0 1044
380.0 1128
390.0 1127
400.0 1163
410.0 1115
420.0 1170
430.0 1176
440.0 1210
450.0 1356
460.0 1408
470.0 1480
480.0 1606
490.0 1716
500.0 1802
510.0 1841
520.0 1913
530.0 1962
540.0 2140
550.0 2205
560.0 2151
570.0 2236
580.0 2189
590.0 2139
600.0 2053
610.0 2000
620.0 1903
630.0 1815
640.0 1599
650.0 1532
660.0 1245
670.0 1205
680.0 1010
690.0 923
700.0 734
710.0 629
720.0 506
730.0 431
740.0 319
750.0 275
760.0 229
770.0 134
780.0 92
790.0 91
800.0 51
810.0 40
820.0 24
830.0 19
840.0 14
850.0 7
860.0 4
870.0 4
880.0 3
890.0 2
900.0 1
910.0 0
920.0 2
930.0 0
940.0 0
950.0 0
960.0 0
970.0 0
980.0 0
990.0 0
1000.0 0
1010.0 0
1020.0 0
1030.0 0
1040.0 0
1050.0 0
1060.0 0
1070.0 0
1080.0 0
1090.0 0
1100.0 0
1110.0 0
1120.0 0
1130.0 0
1140.0 0
1150.0 0
1160.0 0
1170.0 0
1180.0 0
1190.0 0
1200.0 0
1210.0 0
1220.0 0
1230.0 0
1240.0 0
1250.0 0
1260.0 0
1270.0 0
1280.0 0
1290.0 0
1300.0 0
1310.0 0
1320.0 0
1330.0 0
1340.0 0
1350.0 0
1360.0 0
1370.0 0
1380.0 0
1390.0 0
1400.0 0
1410.0 0
1420.0 0
1430.0 0
1440.0 0
1450.0 0
1460.0 0
1470.0 0
1480.0 0
1490.0 0
