0.0 27
10.0 37
20.0 46
30.0 57
40.0 64
50.0 96
60.0 105
70.0 98
80.0 132
90.0 182
100.0 212
110.0 223
120.0 254
130.0 304
140.0 321
150.0 345
160.0 391
170.0 394
180.0 495
190.0 513
200.0 543
210.0 620
220.0 666
230.0 691
240.0 696
250.0 766
260.0 822
270.0 796
280.0 883
290.0 823
300.0 881
310.0 888
320.0 864
330.0 929
340.0 863
350.0 860
360.0 920
370.0 913
380.0 924
390.0 928
400.0 940
410.0 931
420.0 952
430.0 963
440.0 957
450.0 995
460.0 983
470.0 1041
480.0 1034
490.0 1117
500.0 1123
510.0 1206
520.0 1261
530.0 1206
540.0 1329
550.0 1393
560.0 1478
570.0 1620
580.0 1670
590.0 1828
600.0 1980
610.0 2018
620.0 2156
630.0 2215
640.0 2239
650.0 2355
660.0 2382
670.0 2329
680.0 2377
690.0 2305
700.0 2248
710.0 2149
720.0 2045
730.0 1809
740.0 1789
750.0 1525
760.0 1428
770.0 1272
780.0 1127
790.0 925
800.0 800
810.0 630
820.0 517
830.0 465
840.0 348
850.0 282
860.0 190
870.0 148
880.0 110
890.0 84
900.0 81
910.0 37
920.0 30
930.0 24
940.0 14
950.0 11
960.0 8
970.0 4
980.0 3
990.0 0
1000.0 1
1010.0 1
1020.0 0
1030.0 0
1040.0 0
1050.0 0
1060.0 0
1070.0 0
1080.0 0
1090.0 0
1100.0 0
1110.0 0
1120.0 0
1130.0 0
1140.0 0
1150.0 0
1160.0 0
1170.0 0
1180.0 0
1190.0 0
1200.0 0
1210.0 0
1220.0 0
1230.0 0
1240.0 0
1250.0 0
1260.0 0
1270.0 0
1280.0 0
1290.0 0
1300.0 0
1310.0 0
1320.0 0
1330.0 0
1340.0 0
1350.0 0
1360.0 0
1370.0 0
1380.0 0
1390.0 0
1400.0 0
1410.0 0
1420.0 0
1430.0 0
1440.0 0
1450.0 0
1460.0 0
1470.0 0
1480.0 0
1490.0 0
