0.0 17
10.0 19
20.0 21
30.0 24
40.0 30
50.0 47
60.0 43
70.0 46
80.0 62
90.0 83
100.0 67
110.0 80
120.0 116
130.0 137
140.0 124
150.0 156
160.0 210
170.0 240
180.0 231
190.0 266
200.0 301
210.0 303
220.0 366
230.0 391
240.0 417
250.0 427
260.0 466
270.0 506
280.0 526
290.0 521
300.0 581
310.0 577
320.0 584
330.0 612
340.0 623
350.0 708
360.0 701
370.0 667
380.0 709
390.0 728
400.0 755
410.0 712
420.0 778
430.0 737
440.0 794
450.0 737
460.0 778
470.0 768
480.0 764
490.0 784
500.0 747
510.0 803
520.0 901
530.0 815
540.0 846
550.0 845
560.0 832
570.0 861
580.0 936
590.0 926
600.0 1010
610.0 1037
620.0 1083
630.0 1086
640.0 1281
650.0 1395
660.0 1494
670.0 1616
680.0 1715
690.0 1904
700.0 1937
710.0 2191
720.0 2310
730.0 2463
740.0 2508
750.0 2526
760.0 2580
770.0 2650
780.0 2668
790.0 2604
800.0 2562
810.0 2524
820.0 2488
830.0 2158
840.0 2036
850.0 1908
860.0 1718
870.0 1438
880.0 1297
890.0 1169
900.0 995
910.0 788
920.0 610
930.0 512
940.0 439
950.0 314
960.0 230
970.0 176
980.0 131
990.0 106
1000.0 65
1010.0 53
1020.0 49
1030.0 28
1040.0 14
1050.0 10
1060.0 12
1070.0 7
1080.0 4
1090.0 3
1100.0 1
1110.0 0
1120.0 0
1130.0 0
1140.0 0
1150.0 0
1160.0 0
1170.0 0
1180.0 0
1190.0 0
1200.0 0
1210.0 0
1220.0 0
1230.0 0
1240.0 0
1250.0 0
1260.0 0
1270.0 0
1280.0 0
1290.0 0
1300.0 0
1310.0 0
1320.0 0
1330.0 0
1340.0 0
1350.0 0
1360.0 0
1370.0 0
1380.0 0
1390.0 0
1400.0 0
1410.0 0
1420.0 0
1430.0 0
1440.0 0
1450.0 0
1460.0 0
1470.0 0
1480.0 0
1490.0 0
