0.0 65
10.0 90
20.0 96
30.0 147
40.0 156
50.0 185
60.0 217
70.0 282
80.0 315
90.0 354
100.0 437
110.0 513
120.0 478
130.0 625
140.0 612
150.0 752
160.0 770
170.0 804
180.0 829
190.0 862
200.0 960
210.0 986
220.0 991
230.0 992
240.0 1058
250.0 1150
260.0 1131
270.0 1102
280.0 1123
290.0 1166
300.0 1114
310.0 1061
320.0 1074
330.0 1101
340.0 1148
350.0 1147
360.0 1082
370.0 1094
380.0 1137
390.0 1149
400.0 1174
410.0 1229
420.0 1256
430.0 1237
440.0 1344
450.0 1401
460.0 1442
470.0 1565
480.0 1592
490.0 1708
500.0 1838
510.0 1900
520.0 1916
530.0 1999
540.0 2047
550.0 2009
560.0 2108
570.0 2096
580.0 2057
590.0 1996
600.0 1990
610.0 1840
620.0 1807
630.0 1632
640.0 1512
650.0 1389
660.0 1244
670.0 1090
680.0 918
690.0 773
700.0 700
710.0 559
720.0 463
730.0 357
740.0 265
750.0 242
760.0 193
770.0 123
780.0 115
790.0 86
800.0 49
810.0 28
820.0 30
830.0 17
840.0 10
850.0 7
860.0 6
870.0 7
880.0 0
890.0 1
900.0 3
910.0 1
920.0 0
930.0 0
940.0 0
950.0 0
960.0 0
970.0 0
980.0 0
990.0 0
1000.0 0
1010.0 0
1020.0 0
1030.0 0
1040.0 0
1050.0 0
1060.0 0
1070.0 0
1080.0 0
1090.0 0
1100.0 0
1110.0 0
1120.0 0
1130.0 0
1140.0 0
1150.0 0
1160.0 0
1170.0 0
1180.0 0
1190.0 0
1200.0 0
1210.0 0
1220.0 0
1230.0 0
1240.0 0
1250.0 0
1260.0 0
1270.0 0
1280.0 0
1290.0 0
1300.0 0
1310.0 0
1320.0 0
1330.0 0
1340.0 0
1350.0 0
1360.0 0
1370.0 0
1380.0 0
1390.0 0
1400.0 0
1410.0 0
1420.0 0
1430.0 0
1440.0 0
1450.0 0
1460.0 0
1470.0 0
1480.0 0
1490.0 0
