0.0 25
10.0 18
20.0 37
30.0 30
40.0 53
50.0 51
60.0 74
70.0 77
80.0 101
90.0 108
100.0 130
110.0 149
120.0 184
130.0 205
140.0 268
150.0 252
160.0 301
170.0 317
180.0 380
190.0 378
200.0 442
210.0 497
220.0 506
230.0 538
240.0 640
250.0 618
260.0 634
270.0 637
280.0 718
290.0 765
300.0 737
310.0 755
320.0 775
330.0 792
340.0 769
350.0 810
360.0 855
370.0 847
380.0 845
390.0 889
400.0 894
410.0 911
420.0 864
430.0 869
440.0 997
450.0 930
460.0 901
470.0 957
480.0 960
490.0 1010
500.0 937
510.0 1070
520.0 1041
530.0 1063
540.0 1136
550.0 1109
560.0 1180
570.0 1234
580.0 1247
590.0 1414
600.0 1408
610.0 1548
620.0 1631
630.0 1705
640.0 1852
650.0 1942
660.0 2091
670.0 2192
680.0 2247
690.0 2209
700.0 2350
710.0 2438
720.0 2370
730.0 2379
740.0 2490
750.0 2238
760.0 2141
770.0 2096
780.0 1897
790.0 1715
800.0 1632
810.0 1374
820.0 1257
830.0 1146
840.0 922
850.0 752
860.0 682
870.0 541
880.0 418
890.0 380
900.0 235
910.0 175
920.0 143
930.0 137
940.0 93
950.0 72
960.0 47
970.0 27
980.0 27
990.0 14
1000.0 7
1010.0 8
1020.0 6
1030.0 2
1040.0 2
1050.0 1
1060.0 2
1070.0 0
1080.0 1
1090.0 0
1100.0 0
1110.0 0
1120.0 0
1130.0 0
1140.0 0
1150.0 0
1160.0 0
1170.0 0
1180.0 0
1190.0 0
1200.0 0
1210.0 0
1220.0 0
1230.0 0
1240.0 0
1250.0 0
1260.0 0
1270.0 0
1280.0 0
1290.0 0
1300.0 0
1310.0 0
1320.0 0
1330.0 0
1340.0 0
1350.0 0
1360.0 0
1370.0 0
1380.0 0
1390.0 0
1400.0 0
1410.0 0
1420.0 0
1430.0 0
1440.0 0
1450.0 0
1460.0 0
1470.0 0
1480.0 0
1490.0 0
