0.0 53
10.0 69
20.0 74
30.0 100
40.0 116
50.0 156
60.0 159
70.0 184
80.0 243
90.0 264
100.0 341
110.0 393
120.0 441
130.0 474
140.0 527
150.0 564
160.0 700
170.0 725
180.0 778
190.0 789
200.0 908
210.0 915
220.0 945
230.0 964
240.0 981
250.0 973
260.0 1004
270.0 1041
280.0 1019
290.0 1012
300.0 972
310.0 950
320.0 903
330.0 922
340.0 854
350.0 860
360.0 892
370.0 911
380.0 950
390.0 939
400.0 915
410.0 990
420.0 928
430.0 1073
440.0 1109
450.0 1239
460.0 1334
470.0 1435
480.0 1537
490.0 1625
500.0 1825
510.0 1879
520.0 1914
530.0 2093
540.0 2227
550.0 2225
560.0 2381
570.0 2451
580.0 2328
590.0 2382
600.0 2386
610.0 2286
620.0 2257
630.0 2035
640.0 1862
650.0 1751
660.0 1508
670.0 1344
680.0 1166
690.0 1016
700.0 824
710.0 744
720.0 592
730.0 517
740.0 406
750.0 290
760.0 249
770.0 159
780.0 129
790.0 101
800.0 64
810.0 61
820.0 38
830.0 22
840.0 20
850.0 12
860.0 7
870.0 8
880.0 2
890.0 1
900.0 3
910.0 1
920.0 0
930.0 0
940.0 0
950.0 1
960.0 0
970.0 0
980.0 1
990.0 0
1000.0 0
1010.0 0
1020.0 0
1030.0 0
1040.0 0
1050.0 0
1060.0 0
1070.0 0
1080.0 0
1090.0 0
1100.0 0
1110.0 0
1120.0 0
1130.0 0
1140.0 0
1150.0 0
1160.0 0
1170.0 0
1180.0 0
1190.0 0
1200.0 0
1210.0 0
1220.0 0
1230.0 0
1240.0 0
1250.0 0
1260.0 0
1270.0 0
1280.0 0
1290.0 0
1300.0 0
1310.0 0
1320.0 0
1330.0 0
1340.0 0
1350.0 0
1360.0 0
1370.0 0
1380.0 0
1390.0 0
1400.0 0
1410.0 0
1420.0 0
1430.0 0
1440.0 0
1450.0 0
1460.0 0
1470.0 0
1480.0 0
1490.0 0
