0.0 16
10.0 19
20.0 23
30.0 30
40.0 31
50.0 44
60.0 50
70.0 50
80.0 83
90.0 75
100.0 106
110.0 119
120.0 146
130.0 139
140.0 161
150.0 199
160.0 231
170.0 252
180.0 288
190.0 340
200.0 369
210.0 434
220.0 448
230.0 531
240.0 501
250.0 559
260.0 555
270.0 586
280.0 633
290.0 616
300.0 614
310.0 705
320.0 676
330.0 723
340.0 712
350.0 745
360.0 728
370.0 710
380.0 698
390.0 693
400.0 700
410.0 723
420.0 685
430.0 700
440.0 677
450.0 669
460.0 668
470.0 677
480.0 735
490.0 685
500.0 689
510.0 703
520.0 773
530.0 757
540.0 866
550.0 897
560.0 887
570.0 999
580.0 1058
590.0 1165
600.0 1252
610.0 1359
620.0 1500
630.0 1643
640.0 1746
650.0 1977
660.0 2149
670.0 2192
680.0 2505
690.0 2497
700.0 2665
710.0 2714
720.0 2806
730.0 2900
740.0 2742
750.0 2808
760.0 2653
770.0 2559
780.0 2483
790.0 2179
800.0 1987
810.0 1820
820.0 1546
830.0 1424
840.0 1243
850.0 1044
860.0 906
870.0 719
880.0 610
890.0 509
900.0 377
910.0 287
920.0 236
930.0 179
940.0 115
950.0 92
960.0 67
970.0 45
980.0 29
990.0 25
1000.0 13
1010.0 6
1020.0 6
1030.0 6
1040.0 4
1050.0 4
1060.0 0
1070.0 1
1080.0 0
1090.0 1
1100.0 0
1110.0 0
1120.0 0
1130.0 0
1140.0 0
1150.0 0
1160.0 0
1170.0 0
1180.0 0
1190.0 0
1200.0 0
1210.0 0
1220.0 0
1230.0 0
1240.0 0
1250.0 0
1260.0 0
1270.0 0
1280.0 0
1290.0 0
1300.0 0
1310.0 0
1320.0 0
1330.0 0
1340.0 0
1350.0 0
1360.0 0
1370.0 0
1380.0 0
1390.0 0
1400.0 0
1410.0 0
1420.0 0
1430.0 0
1440.0 0
1450.0 0
1460.0 0
1470.0 0
1480.0 0
1490.0 0
