0.0 114
10.0 135
20.0 180
30.0 197
40.0 255
50.0 330
60.0 347
70.0 400
80.0 443
90.0 546
100.0 603
110.0 696
120.0 717
130.0 834
140.0 844
150.0 981
160.0 1048
170.0 1046
180.0 1108
190.0 1180
200.0 1212
210.0 1300
220.0 1215
230.0 1277
240.0 1206
250.0 1266
260.0 1294
270.0 1330
280.0 1247
290.0 1282
300.0 1294
310.0 1261
320.0 1193
330.0 1295
340.0 1226
350.0 1299
360.0 1350
370.0 1298
380.0 1352
390.0 1398
400.0 1399
410.0 1489
420.0 1490
430.0 1553
440.0 1599
450.0 1693
460.0 1735
470.0 1864
480.0 1825
490.0 1877
500.0 1909
510.0 1849
520.0 1893
530.0 1824
540.0 1781
550.0 1697
560.0 1592
570.0 1537
580.0 1431
590.0 1273
600.0 1190
610.0 1034
620.0 963
630.0 738
640.0 636
650.0 587
660.0 480
670.0 423
680.0 302
690.0 212
700.0 193
710.0 157
720.0 92
730.0 93
740.0 59
750.0 44
760.0 32
770.0 31
780.0 24
790.0 14
800.0 9
810.0 1
820.0 0
830.0 2
840.0 3
850.0 0
860.0 0
870.0 1
880.0 0
890.0 0
900.0 0
910.0 1
920.0 0
930.0 0
940.0 0
950.0 0
960.0 0
970.0 0
980.0 0
990.0 0
1000.0 0
1010.0 0
1020.0 0
1030.0 0
1040.0 0
1050.0 0
1060.0 0
1070.0 0
1080.0 0
1090.0 0
1100.0 0
1110.0 0
1120.0 0
1130.0 0
1140.0 0
1150.0 0
1160.0 0
1170.0 0
1180.0 0
1190.0 0
1200.0 0
1210.0 0
1220.0 0
1230.0 0
1240.0 0
1250.0 0
1260.0 0
1270.0 0
1280.0 0
1290.0 0
1300.0 0
1310.0 0
1320.0 0
1330.0 0
1340.0 0
1350.0 0
1360.0 0
1370.0 0
1380.0 0
1390.0 0
1400.0 0
1410.0 0
1420.0 0
1430.0 0
1440.0 0
1450.0 0
1460.0 0
1470.0 0
1480.0 0
1490.0 0
