0.0 39
10.0 58
20.0 81
30.0 95
40.0 96
50.0 129
60.0 185
70.0 187
80.0 239
90.0 293
100.0 301
110.0 371
120.0 422
130.0 458
140.0 521
150.0 575
160.0 651
170.0 752
180.0 754
190.0 858
200.0 861
210.0 886
220.0 918
230.0 946
240.0 1002
250.0 960
260.0 1004
270.0 996
280.0 984
290.0 1012
300.0 979
310.0 954
320.0 926
330.0 962
340.0 923
350.0 861
360.0 882
370.0 847
380.0 944
390.0 932
400.0 919
410.0 959
420.0 990
430.0 1043
440.0 1108
450.0 1213
460.0 1353
470.0 1426
480.0 1447
490.0 1617
500.0 1773
510.0 1886
520.0 2025
530.0 2186
540.0 2095
550.0 2301
560.0 2442
570.0 2424
580.0 2468
590.0 2378
600.0 2360
610.0 2270
620.0 2069
630.0 2000
640.0 1867
650.0 1666
660.0 1586
670.0 1399
680.0 1271
690.0 1034
700.0 859
710.0 763
720.0 650
730.0 503
740.0 394
750.0 324
760.0 222
770.0 169
780.0 146
790.0 93
800.0 81
810.0 61
820.0 33
830.0 28
840.0 18
850.0 9
860.0 6
870.0 5
880.0 6
890.0 1
900.0 3
910.0 2
920.0 2
930.0 1
940.0 0
950.0 0
960.0 0
970.0 0
980.0 0
990.0 0
1000.0 0
1010.0 0
1020.0 0
1030.0 0
1040.0 0
1050.0 0
1060.0 0
1070.0 0
1080.0 0
1090.0 0
1100.0 0
1110.0 0
1120.0 0
1130.0 0
1140.0 0
1150.0 0
1160.0 0
1170.0 0
1180.0 0
1190.0 0
1200.0 0
1210.0 0
1220.0 0
1230.0 0
1240.0 0
1250.0 0
1260.0 0
1270.0 0
1280.0 0
1290.0 0
1300.0 0
1310.0 0
1320.0 0
1330.0 0
1340.0 0
1350.0 0
1360.0 0
1370.0 0
1380.0 0
1390.0 0
1400.0 0
1410.0 0
1420.0 0
1430.0 0
1440.0 0
1450.0 0
1460.0 0
1470.0 0
1480.0 0
1490.0 0
