0.0 7
10.0 15
20.0 11
30.0 13
40.0 12
50.0 24
60.0 28
70.0 25
80.0 36
90.0 35
100.0 57
110.0 67
120.0 83
130.0 94
140.0 90
150.0 119
160.0 113
170.0 143
180.0 171
190.0 224
200.0 199
210.0 227
220.0 253
230.0 286
240.0 312
250.0 328
260.0 332
270.0 382
280.0 389
290.0 449
300.0 448
310.0 483
320.0 472
330.0 484
340.0 540
350.0 531
360.0 595
370.0 541
380.0 596
390.0 607
400.0 624
410.0 587
420.0 625
430.0 626
440.0 618
450.0 623
460.0 615
470.0 618
480.0 641
490.0 622
500.0 643
510.0 690
520.0 584
530.0 609
540.0 656
550.0 611
560.0 687
570.0 666
580.0 658
590.0 654
600.0 693
610.0 703
620.0 793
630.0 798
640.0 864
650.0 849
660.0 981
670.0 1004
680.0 1131
690.0 1208
700.0 1300
710.0 1408
720.0 1538
730.0 1781
740.0 1952
750.0 1998
760.0 2203
770.0 2354
780.0 2500
790.0 2688
800.0 2765
810.0 2878
820.0 3054
830.0 2918
840.0 2972
850.0 2883
860.0 2658
870.0 2535
880.0 2463
890.0 2285
900.0 2049
910.0 1853
920.0 1655
930.0 1439
940.0 1234
950.0 1010
960.0 850
970.0 693
980.0 645
990.0 497
1000.0 375
1010.0 289
1020.0 238
1030.0 145
1040.0 158
1050.0 93
1060.0 62
1070.0 37
1080.0 27
1090.0 27
1100.0 11
1110.0 8
1120.0 9
1130.0 4
1140.0 1
1150.0 2
1160.0 1
1170.0 0
1180.0 0
1190.0 0
1200.0 0
1210.0 0
1220.0 0
1230.0 0
1240.0 0
1250.0 0
1260.0 0
1270.0 0
1280.0 0
1290.0 0
1300.0 0
1310.0 0
1320.0 0
1330.0 0
1340.0 0
1350.0 0
1360.0 0
1370.0 0
1380.0 0
1390.0 0
1400.0 0
1410.0 0
1420.0 0
1430.0 0
1440.0 0
1450.0 0
1460.0 0
1470.0 0
1480.0 0
1490.0 0
