0.0 153
10.0 189
20.0 233
30.0 262
40.0 339
50.0 417
60.0 491
70.0 512
80.0 601
90.0 715
100.0 803
110.0 851
120.0 934
130.0 1076
140.0 1183
150.0 1170
160.0 1291
170.0 1324
180.0 1350
190.0 1405
200.0 1517
210.0 1421
220.0 1493
230.0 1497
240.0 1375
250.0 1446
260.0 1395
270.0 1375
280.0 1353
290.0 1305
300.0 1339
310.0 1330
320.0 1318
330.0 1352
340.0 1346
350.0 1354
360.0 1459
370.0 1470
380.0 1525
390.0 1576
400.0 1760
410.0 1750
420.0 1892
430.0 1942
440.0 1949
450.0 2036
460.0 2111
470.0 2102
480.0 2175
490.0 2117
500.0 2043
510.0 1895
520.0 1842
530.0 1674
540.0 1603
550.0 1521
560.0 1239
570.0 1147
580.0 995
590.0 868
600.0 731
610.0 582
620.0 509
630.0 411
640.0 291
650.0 245
660.0 175
670.0 165
680.0 115
690.0 82
700.0 44
710.0 59
720.0 41
730.0 25
740.0 10
750.0 11
760.0 7
770.0 4
780.0 2
790.0 3
800.0 2
810.0 4
820.0 0
830.0 0
840.0 0
850.0 0
860.0 0
870.0 0
880.0 0
890.0 0
900.0 0
910.0 0
920.0 0
930.0 0
940.0 0
950.0 0
960.0 0
970.0 0
980.0 0
990.0 0
1000.0 0
1010.0 0
1020.0 0
1030.0 0
1040.0 0
1050.0 0
1060.0 0
1070.0 0
1080.0 0
1090.0 0
1100.0 0
1110.0 0
1120.0 0
1130.0 0
1140.0 0
1150.0 0
1160.0 0
1170.0 0
1180.0 0
1190.0 0
1200.0 0
1210.0 0
1220.0 0
1230.0 0
1240.0 0
1250.0 0
1260.0 0
1270.0 0
1280.0 0
1290.0 0
1300.0 0
1310.0 0
1320.0 0
1330.0 0
1340.0 0
1350.0 0
1360.0 0
1370.0 0
1380.0 0
1390.0 0
1400.0 0
1410.0 0
1420.0 0
1430.0 0
1440.0 0
1450.0 0
1460.0 0
1470.0 0
1480.0 0
1490.0 0
