0.0 18
10.0 28
20.0 27
30.0 48
40.0 65
50.0 65
60.0 81
70.0 94
80.0 100
90.0 131
100.0 169
110.0 193
120.0 211
130.0 239
140.0 268
150.0 313
160.0 348
170.0 384
180.0 407
190.0 482
200.0 491
210.0 527
220.0 575
230.0 634
240.0 666
250.0 663
260.0 770
270.0 725
280.0 800
290.0 745
300.0 798
310.0 791
320.0 811
330.0 791
340.0 776
350.0 798
360.0 772
370.0 756
380.0 768
390.0 736
400.0 704
410.0 824
420.0 720
430.0 788
440.0 793
450.0 797
460.0 778
470.0 807
480.0 820
490.0 902
500.0 873
510.0 980
520.0 1028
530.0 1020
540.0 1151
550.0 1251
560.0 1362
570.0 1482
580.0 1652
590.0 1736
600.0 1862
610.0 2008
620.0 2247
630.0 2307
640.0 2532
650.0 2502
660.0 2587
670.0 2634
680.0 2644
690.0 2683
700.0 2562
710.0 2496
720.0 2457
730.0 2363
740.0 2105
750.0 1921
760.0 1763
770.0 1502
780.0 1356
790.0 1218
800.0 946
810.0 815
820.0 683
830.0 539
840.0 445
850.0 356
860.0 265
870.0 194
880.0 157
890.0 115
900.0 92
910.0 63
920.0 42
930.0 25
940.0 17
950.0 16
960.0 15
970.0 5
980.0 6
990.0 5
1000.0 4
1010.0 0
1020.0 0
1030.0 0
1040.0 0
1050.0 1
1060.0 0
1070.0 0
1080.0 0
1090.0 0
1100.0 0
1110.0 0
1120.0 0
1130.0 0
1140.0 0
1150.0 0
1160.0 0
1170.0 0
1180.0 0
1190.0 0
1200.0 0
1210.0 0
1220.0 0
1230.0 0
1240.0 0
1250.0 0
1260.0 0
1270.0 0
1280.0 0
1290.0 0
1300.0 0
1310.0 0
1320.0 0
1330.0 0
1340.0 0
1350.0 0
1360.0 0
1370.0 0
1380.0 0
1390.0 0
1400.0 0
1410.0 0
1420.0 0
1430.0 0
1440.0 0
1450.0 0
1460.0 0
1470.0 0
1480.0 0
1490.0 0
