0.0 46
10.0 34
20.0 43
30.0 69
40.0 87
50.0 91
60.0 104
70.0 145
80.0 165
90.0 199
100.0 225
110.0 245
120.0 320
130.0 333
140.0 405
150.0 415
160.0 469
170.0 518
180.0 591
190.0 636
200.0 655
210.0 722
220.0 781
230.0 767
240.0 801
250.0 828
260.0 874
270.0 920
280.0 885
290.0 928
300.0 872
310.0 902
320.0 917
330.0 852
340.0 888
350.0 851
360.0 831
370.0 860
380.0 859
390.0 859
400.0 808
410.0 900
420.0 864
430.0 867
440.0 874
450.0 917
460.0 962
470.0 1086
480.0 1151
490.0 1123
500.0 1198
510.0 1295
520.0 1434
530.0 1529
540.0 1666
550.0 1836
560.0 1966
570.0 2104
580.0 2210
590.0 2329
600.0 2492
610.0 2563
620.0 2541
630.0 2518
640.0 2551
650.0 2524
660.0 2397
670.0 2210
680.0 2134
690.0 1976
700.0 1799
710.0 1581
720.0 1515
730.0 1196
740.0 1077
750.0 875
760.0 764
770.0 612
780.0 527
790.0 411
800.0 324
810.0 231
820.0 207
830.0 142
840.0 112
850.0 87
860.0 52
870.0 32
880.0 29
890.0 16
900.0 15
910.0 7
920.0 3
930.0 6
940.0 2
950.0 2
960.0 2
970.0 0
980.0 0
990.0 0
1000.0 0
1010.0 0
1020.0 0
1030.0 0
1040.0 0
1050.0 0
1060.0 0
1070.0 0
1080.0 0
1090.0 0
1100.0 0
1110.0 0
1120.0 0
1130.0 0
1140.0 0
1150.0 0
1160.0 0
1170.0 0
1180.0 0
1190.0 0
1200.0 0
1210.0 0
1220.0 0
1230.0 0
1240.0 0
1250.0 0
1260.0 0
1270.0 0
1280.0 0
1290.0 0
1300.0 0
1310.0 0
1320.0 0
1330.0 0
1340.0 0
1350.0 0
1360.0 0
1370.0 0
1380.0 0
1390.0 0
1400.0 0
1410.0 0
1420.0 0
1430.0 0
1440.0 0
1450.0 0
1460.0 0
1470.0 0
1480.0 0
1490.0 0
