0.0 24
10.0 48
20.0 48
30.0 51
40.0 60
50.0 87
60.0 133
70.0 114
80.0 158
90.0 149
100.0 205
110.0 239
120.0 304
130.0 345
140.0 421
150.0 452
160.0 483
170.0 508
180.0 587
190.0 624
200.0 682
210.0 692
220.0 780
230.0 769
240.0 787
250.0 778
260.0 826
270.0 887
280.0 874
290.0 870
300.0 847
310.0 846
320.0 828
330.0 866
340.0 864
350.0 788
360.0 791
370.0 779
380.0 782
390.0 763
400.0 763
410.0 792
420.0 792
430.0 803
440.0 871
450.0 916
460.0 921
470.0 1026
480.0 1004
490.0 1097
500.0 1238
510.0 1301
520.0 1395
530.0 1535
540.0 1655
550.0 1893
560.0 2028
570.0 2105
580.0 2266
590.0 2388
600.0 2533
610.0 2480
620.0 2539
630.0 2610
640.0 2590
650.0 2600
660.0 2441
670.0 2301
680.0 2181
690.0 2054
700.0 1917
710.0 1666
720.0 1518
730.0 1307
740.0 1134
750.0 960
760.0 808
770.0 680
780.0 549
790.0 457
800.0 351
810.0 265
820.0 205
830.0 168
840.0 102
850.0 87
860.0 67
870.0 58
880.0 28
890.0 15
900.0 17
910.0 11
920.0 1
930.0 4
940.0 0
950.0 0
960.0 0
970.0 2
980.0 0
990.0 0
1000.0 0
1010.0 0
1020.0 0
1030.0 0
1040.0 0
1050.0 0
1060.0 0
1070.0 0
1080.0 0
1090.0 0
1100.0 0
1110.0 0
1120.0 0
1130.0 0
1140.0 0
1150.0 0
1160.0 0
1170.0 0
1180.0 0
1190.0 0
1200.0 0
1210.0 0
1220.0 0
1230.0 0
1240.0 0
1250.0 0
1260.0 0
1270.0 0
1280.0 0
1290.0 0
1300.0 0
1310.0 0
1320.0 0
1330.0 0
1340.0 0
1350.0 0
1360.0 0
1370.0 0
1380.0 0
1390.0 0
1400.0 0
1410.0 0
1420.0 0
1430.0 0
1440.0 0
1450.0 0
1460.0 0
1470.0 0
1480.0 0
1490.0 0
