0.0 7
10.0 13
20.0 9
30.0 20
40.0 23
50.0 17
60.0 30
70.0 35
80.0 55
90.0 55
100.0 61
110.0 59
120.0 104
130.0 115
140.0 108
150.0 131
160.0 160
170.0 167
180.0 170
190.0 218
200.0 257
210.0 269
220.0 318
230.0 390
240.0 374
250.0 435
260.0 423
270.0 456
280.0 501
290.0 509
300.0 570
310.0 520
320.0 561
330.0 585
340.0 597
350.0 606
360.0 635
370.0 594
380.0 590
390.0 596
400.0 605
410.0 625
420.0 648
430.0 595
440.0 597
450.0 599
460.0 564
470.0 557
480.0 551
490.0 605
500.0 637
510.0 575
520.0 540
530.0 624
540.0 594
550.0 660
560.0 689
570.0 684
580.0 741
590.0 740
600.0 738
610.0 859
620.0 898
630.0 997
640.0 1064
650.0 1221
660.0 1399
670.0 1458
680.0 1606
690.0 1806
700.0 2005
710.0 2223
720.0 2393
730.0 2601
740.0 2666
750.0 2877
760.0 2965
770.0 3043
780.0 3083
790.0 2988
800.0 2990
810.0 2895
820.0 2758
830.0 2590
840.0 2363
850.0 2251
860.0 1987
870.0 1728
880.0 1537
890.0 1293
900.0 1141
910.0 945
920.0 801
930.0 639
940.0 483
950.0 424
960.0 336
970.0 242
980.0 198
990.0 139
1000.0 96
1010.0 81
1020.0 66
1030.0 40
1040.0 25
1050.0 16
1060.0 7
1070.0 3
1080.0 4
1090.0 1
1100.0 4
1110.0 0
1120.0 0
1130.0 0
1140.0 0
1150.0 0
1160.0 0
1170.0 0
1180.0 0
1190.0 0
1200.0 0
1210.0 0
1220.0 0
1230.0 0
1240.0 0
1250.0 0
1260.0 0
1270.0 0
1280.0 0
1290.0 0
1300.0 0
1310.0 0
1320.0 0
1330.0 0
1340.0 0
1350.0 0
1360.0 0
1370.0 0
1380.0 0
1390.0 0
1400.0 0
1410.0 0
1420.0 0
1430.0 0
1440.0 0
1450.0 0
1460.0 0
1470.0 0
1480.0 0
1490.0 0
