0.0 8
10.0 8
20.0 14
30.0 15
40.0 24
50.0 29
60.0 36
70.0 35
80.0 48
90.0 41
100.0 58
110.0 65
120.0 86
130.0 98
140.0 110
150.0 108
160.0 138
170.0 185
180.0 161
190.0 211
200.0 202
210.0 244
220.0 267
230.0 269
240.0 334
250.0 364
260.0 411
270.0 383
280.0 411
290.0 424
300.0 483
310.0 503
320.0 515
330.0 513
340.0 566
350.0 608
360.0 547
370.0 590
380.0 609
390.0 626
400.0 609
410.0 661
420.0 643
430.0 683
440.0 677
450.0 672
460.0 662
470.0 722
480.0 696
490.0 738
500.0 739
510.0 681
520.0 654
530.0 723
540.0 680
550.0 768
560.0 748
570.0 769
580.0 767
590.0 735
600.0 805
610.0 846
620.0 830
630.0 859
640.0 912
650.0 953
660.0 1019
670.0 1098
680.0 1185
690.0 1216
700.0 1343
710.0 1466
720.0 1677
730.0 1776
740.0 1909
750.0 2008
760.0 2265
770.0 2357
780.0 2479
790.0 2489
800.0 2733
810.0 2654
820.0 2719
830.0 2768
840.0 2806
850.0 2641
860.0 2543
870.0 2401
880.0 2366
890.0 2119
900.0 1935
910.0 1770
920.0 1567
930.0 1272
940.0 1118
950.0 959
960.0 818
970.0 655
980.0 511
990.0 468
1000.0 346
1010.0 290
1020.0 194
1030.0 155
1040.0 110
1050.0 84
1060.0 58
1070.0 43
1080.0 21
1090.0 23
1100.0 10
1110.0 14
1120.0 7
1130.0 4
1140.0 4
1150.0 1
1160.0 0
1170.0 0
1180.0 0
1190.0 0
1200.0 0
1210.0 0
1220.0 0
1230.0 0
1240.0 0
1250.0 0
1260.0 0
1270.0 0
1280.0 0
1290.0 0
1300.0 0
1310.0 0
1320.0 0
1330.0 0
1340.0 0
1350.0 0
1360.0 0
1370.0 0
1380.0 0
1390.0 0
1400.0 0
1410.0 0
1420.0 0
1430.0 0
1440.0 0
1450.0 0
1460.0 0
1470.0 0
1480.0 0
1490.0 0
