0.0 74
10.0 88
20.0 117
30.0 126
40.0 159
50.0 185
60.0 215
70.0 281
80.0 320
90.0 354
100.0 428
110.0 499
120.0 552
130.0 561
140.0 636
150.0 686
160.0 772
170.0 822
180.0 850
190.0 933
200.0 995
210.0 1052
220.0 1052
230.0 1047
240.0 1107
250.0 1135
260.0 1154
270.0 1167
280.0 1089
290.0 1139
300.0 1165
310.0 1150
320.0 1097
330.0 1116
340.0 1179
350.0 1187
360.0 1189
370.0 1174
380.0 1229
390.0 1162
400.0 1227
410.0 1227
420.0 1251
430.0 1320
440.0 1399
450.0 1446
460.0 1464
470.0 1569
480.0 1603
490.0 1674
500.0 1745
510.0 1863
520.0 1904
530.0 1964
540.0 1992
550.0 2073
560.0 2035
570.0 2031
580.0 2007
590.0 1914
600.0 1939
610.0 1788
620.0 1738
630.0 1633
640.0 1437
650.0 1255
660.0 1116
670.0 995
680.0 946
690.0 787
700.0 662
710.0 531
720.0 453
730.0 347
740.0 277
750.0 225
760.0 160
770.0 139
780.0 115
790.0 73
800.0 45
810.0 35
820.0 25
830.0 25
840.0 9
850.0 2
860.0 8
870.0 7
880.0 5
890.0 0
900.0 1
910.0 1
920.0 1
930.0 0
940.0 0
950.0 1
960.0 0
970.0 0
980.0 0
990.0 0
1000.0 0
1010.0 0
1020.0 0
1030.0 0
1040.0 0
1050.0 0
1060.0 0
1070.0 0
1080.0 0
1090.0 0
1100.0 0
1110.0 0
1120.0 0
1130.0 0
1140.0 0
1150.0 0
1160.0 0
1170.0 0
1180.0 0
1190.0 0
1200.0 0
1210.0 0
1220.0 0
1230.0 0
1240.0 0
1250.0 0
1260.0 0
1270.0 0
1280.0 0
1290.0 0
1300.0 0
1310.0 0
1320.0 0
1330.0 0
1340.0 0
1350.0 0
1360.0 0
1370.0 0
1380.0 0
1390.0 0
1400.0 0
1410.0 0
1420.0 0
1430.0 0
1440.0 0
1450.0 0
1460.0 0
1470.0 0
1480.0 0
1490.0 0
