0.0 21
10.0 24
20.0 25
30.0 28
40.0 34
50.0 30
60.0 62
70.0 55
80.0 69
90.0 90
100.0 114
110.0 106
120.0 116
130.0 137
140.0 166
150.0 183
160.0 245
170.0 276
180.0 257
190.0 308
200.0 320
210.0 373
220.0 370
230.0 427
240.0 487
250.0 446
260.0 511
270.0 531
280.0 591
290.0 561
300.0 588
310.0 676
320.0 677
330.0 695
340.0 680
350.0 737
360.0 719
370.0 730
380.0 726
390.0 822
400.0 814
410.0 836
420.0 823
430.0 836
440.0 816
450.0 858
460.0 836
470.0 902
480.0 956
490.0 887
500.0 904
510.0 886
520.0 948
530.0 879
540.0 987
550.0 1059
560.0 969
570.0 1006
580.0 1024
590.0 1081
600.0 1140
610.0 1126
620.0 1222
630.0 1313
640.0 1375
650.0 1446
660.0 1558
670.0 1789
680.0 1796
690.0 1818
700.0 1976
710.0 2103
720.0 2126
730.0 2261
740.0 2281
750.0 2482
760.0 2446
770.0 2431
780.0 2436
790.0 2415
800.0 2356
810.0 2226
820.0 2134
830.0 2020
840.0 1777
850.0 1617
860.0 1460
870.0 1251
880.0 1129
890.0 961
900.0 824
910.0 667
920.0 560
930.0 451
940.0 372
950.0 294
960.0 200
970.0 147
980.0 112
990.0 102
1000.0 60
1010.0 44
1020.0 41
1030.0 33
1040.0 15
1050.0 11
1060.0 8
1070.0 4
1080.0 4
1090.0 4
1100.0 1
1110.0 0
1120.0 0
1130.0 0
1140.0 0
1150.0 0
1160.0 0
1170.0 0
1180.0 0
1190.0 0
1200.0 0
1210.0 0
1220.0 0
1230.0 0
1240.0 0
1250.0 0
1260.0 0
1270.0 0
1280.0 0
1290.0 0
1300.0 0
1310.0 0
1320.0 0
1330.0 0
1340.0 0
1350.0 0
1360.0 0
1370.0 0
1380.0 0
1390.0 0
1400.0 0
1410.0 0
1420.0 0
1430.0 0
1440.0 0
1450.0 0
1460.0 0
1470.0 0
1480.0 0
1490.0 0
