0.0 50
10.0 59
20.0 81
30.0 85
40.0 102
50.0 145
60.0 177
70.0 194
80.0 241
90.0 260
100.0 303
110.0 379
120.0 423
130.0 471
140.0 543
150.0 606
160.0 627
170.0 721
180.0 806
190.0 836
200.0 848
210.0 846
220.0 891
230.0 933
240.0 983
250.0 978
260.0 1006
270.0 1029
280.0 972
290.0 1000
300.0 970
310.0 961
320.0 938
330.0 956
340.0 887
350.0 912
360.0 947
370.0 916
380.0 890
390.0 938
400.0 963
410.0 990
420.0 994
430.0 1093
440.0 1118
450.0 1205
460.0 1258
470.0 1412
480.0 1501
490.0 1569
500.0 1701
510.0 1884
520.0 2060
530.0 2106
540.0 2211
550.0 2271
560.0 2399
570.0 2335
580.0 2366
590.0 2360
600.0 2347
610.0 2264
620.0 2182
630.0 2072
640.0 1861
650.0 1705
660.0 1545
670.0 1428
680.0 1258
690.0 1015
700.0 855
710.0 781
720.0 580
730.0 505
740.0 400
750.0 317
760.0 237
770.0 198
780.0 146
790.0 121
800.0 84
810.0 54
820.0 49
830.0 28
840.0 26
850.0 10
860.0 6
870.0 10
880.0 7
890.0 4
900.0 0
910.0 3
920.0 0
930.0 0
940.0 1
950.0 0
960.0 0
970.0 0
980.0 0
990.0 0
1000.0 0
1010.0 0
1020.0 0
1030.0 0
1040.0 0
1050.0 0
1060.0 0
1070.0 0
1080.0 0
1090.0 0
1100.0 0
1110.0 0
1120.0 0
1130.0 0
1140.0 0
1150.0 0
1160.0 0
1170.0 0
1180.0 0
1190.0 0
1200.0 0
1210.0 0
1220.0 0
1230.0 0
1240.0 0
1250.0 0
1260.0 0
1270.0 0
1280.0 0
1290.0 0
1300.0 0
1310.0 0
1320.0 0
1330.0 0
1340.0 0
1350.0 0
1360.0 0
1370.0 0
1380.0 0
1390.0 0
1400.0 0
1410.0 0
1420.0 0
1430.0 0
1440.0 0
1450.0 0
1460.0 0
1470.0 0
1480.0 0
1490.0 0
