0.0 11
10.0 12
20.0 12
30.0 28
40.0 25
50.0 27
60.0 26
70.0 42
80.0 39
90.0 59
100.0 71
110.0 79
120.0 97
130.0 95
140.0 123
150.0 122
160.0 136
170.0 157
180.0 200
190.0 228
200.0 238
210.0 261
220.0 299
230.0 275
240.0 346
250.0 375
260.0 396
270.0 425
280.0 470
290.0 476
300.0 484
310.0 534
320.0 553
330.0 552
340.0 571
350.0 583
360.0 625
370.0 579
380.0 635
390.0 675
400.0 664
410.0 637
420.0 707
430.0 695
440.0 754
450.0 727
460.0 703
470.0 799
480.0 749
490.0 795
500.0 778
510.0 803
520.0 788
530.0 789
540.0 808
550.0 849
560.0 861
570.0 844
580.0 844
590.0 882
600.0 906
610.0 909
620.0 970
630.0 1012
640.0 1102
650.0 1084
660.0 1163
670.0 1182
680.0 1223
690.0 1290
700.0 1382
710.0 1525
720.0 1578
730.0 1874
740.0 1823
750.0 2014
760.0 2070
770.0 2196
780.0 2394
790.0 2438
800.0 2586
810.0 2680
820.0 2686
830.0 2649
840.0 2484
850.0 2491
860.0 2376
870.0 2267
880.0 2072
890.0 1954
900.0 1827
910.0 1600
920.0 1399
930.0 1216
940.0 995
950.0 871
960.0 734
970.0 543
980.0 468
990.0 369
1000.0 288
1010.0 215
1020.0 178
1030.0 165
1040.0 118
1050.0 76
1060.0 61
1070.0 38
1080.0 28
1090.0 11
1100.0 13
1110.0 5
1120.0 12
1130.0 6
1140.0 3
1150.0 5
1160.0 1
1170.0 0
1180.0 0
1190.0 1
1200.0 4
1210.0 0
1220.0 0
1230.0 0
1240.0 0
1250.0 0
1260.0 0
1270.0 0
1280.0 0
1290.0 0
1300.0 0
1310.0 0
1320.0 0
1330.0 0
1340.0 0
1350.0 0
1360.0 0
1370.0 0
1380.0 0
1390.0 0
1400.0 0
1410.0 0
1420.0 0
1430.0 0
1440.0 0
1450.0 0
1460.0 0
1470.0 0
1480.0 0
1490.0 0
