0.0 10
10.0 18
20.0 11
30.0 20
40.0 22
50.0 33
60.0 37
70.0 50
80.0 46
90.0 36
100.0 70
110.0 93
120.0 86
130.0 103
140.0 140
150.0 140
160.0 175
170.0 181
180.0 211
190.0 251
200.0 281
210.0 283
220.0 331
230.0 364
240.0 408
250.0 406
260.0 449
270.0 493
280.0 536
290.0 529
300.0 505
310.0 546
320.0 572
330.0 619
340.0 631
350.0 633
360.0 614
370.0 648
380.0 655
390.0 612
400.0 618
410.0 594
420.0 604
430.0 616
440.0 673
450.0 677
460.0 654
470.0 588
480.0 639
490.0 591
500.0 681
510.0 628
520.0 665
530.0 728
540.0 633
550.0 685
560.0 671
570.0 787
580.0 729
590.0 859
600.0 848
610.0 931
620.0 971
630.0 1043
640.0 1174
650.0 1244
660.0 1363
670.0 1538
680.0 1692
690.0 1785
700.0 2014
710.0 2194
720.0 2427
730.0 2448
740.0 2650
750.0 2770
760.0 2806
770.0 2899
780.0 2971
790.0 2942
800.0 2899
810.0 2734
820.0 2652
830.0 2499
840.0 2310
850.0 2079
860.0 1994
870.0 1611
880.0 1426
890.0 1292
900.0 1074
910.0 903
920.0 759
930.0 659
940.0 509
950.0 358
960.0 302
970.0 222
980.0 164
990.0 119
1000.0 94
1010.0 66
1020.0 41
1030.0 39
1040.0 14
1050.0 13
1060.0 9
1070.0 5
1080.0 6
1090.0 3
1100.0 2
1110.0 1
1120.0 3
1130.0 1
1140.0 0
1150.0 0
1160.0 0
1170.0 0
1180.0 0
1190.0 0
1200.0 0
1210.0 0
1220.0 0
1230.0 0
1240.0 0
1250.0 0
1260.0 0
1270.0 0
1280.0 0
1290.0 0
1300.0 0
1310.0 0
1320.0 0
1330.0 0
1340.0 0
1350.0 0
1360.0 0
1370.0 0
1380.0 0
1390.0 0
1400.0 0
1410.0 0
1420.0 0
1430.0 0
1440.0 0
1450.0 0
1460.0 0
1470.0 0
1480.0 0
1490.0 0
