0.0 11
10.0 30
20.0 34
30.0 36
40.0 56
50.0 57
60.0 54
70.0 78
80.0 81
90.0 131
100.0 154
110.0 158
120.0 188
130.0 206
140.0 227
150.0 264
160.0 307
170.0 331
180.0 329
190.0 404
200.0 437
210.0 434
220.0 525
230.0 524
240.0 598
250.0 581
260.0 565
270.0 680
280.0 662
290.0 682
300.0 749
310.0 743
320.0 754
330.0 715
340.0 739
350.0 813
360.0 825
370.0 860
380.0 845
390.0 832
400.0 859
410.0 867
420.0 854
430.0 852
440.0 895
450.0 901
460.0 891
470.0 910
480.0 1016
490.0 913
500.0 949
510.0 949
520.0 976
530.0 1013
540.0 1035
550.0 1021
560.0 1138
570.0 1201
580.0 1253
590.0 1300
600.0 1424
610.0 1552
620.0 1590
630.0 1795
640.0 1807
650.0 1977
660.0 2063
670.0 2204
680.0 2291
690.0 2414
700.0 2432
710.0 2382
720.0 2483
730.0 2522
740.0 2436
750.0 2422
760.0 2243
770.0 2108
780.0 1971
790.0 1856
800.0 1651
810.0 1456
820.0 1266
830.0 1127
840.0 967
850.0 838
860.0 688
870.0 570
880.0 480
890.0 366
900.0 285
910.0 212
920.0 183
930.0 125
940.0 87
950.0 74
960.0 42
970.0 27
980.0 20
990.0 9
1000.0 12
1010.0 5
1020.0 4
1030.0 3
1040.0 5
1050.0 0
1060.0 0
1070.0 1
1080.0 2
1090.0 0
1100.0 0
1110.0 0
1120.0 0
1130.0 0
1140.0 0
1150.0 0
1160.0 0
1170.0 0
1180.0 0
1190.0 0
1200.0 0
1210.0 0
1220.0 0
1230.0 0
1240.0 0
1250.0 0
1260.0 0
1270.0 0
1280.0 0
1290.0 0
1300.0 0
1310.0 0
1320.0 0
1330.0 0
1340.0 0
1350.0 0
1360.0 0
1370.0 0
1380.0 0
1390.0 0
1400.0 0
1410.0 0
1420.0 0
1430.0 0
1440.0 0
1450.0 0
1460.0 0
1470.0 0
1480.0 0
1490.0 0
