0.0 83
10.0 100
20.0 112
30.0 135
40.0 181
50.0 219
60.0 242
70.0 257
80.0 340
90.0 356
100.0 402
110.0 466
120.0 548
130.0 577
140.0 673
150.0 684
160.0 757
170.0 794
180.0 902
190.0 973
200.0 963
210.0 1004
220.0 1036
230.0 1052
240.0 1108
250.0 1127
260.0 1175
270.0 1109
280.0 1105
290.0 1126
300.0 1140
310.0 1175
320.0 1129
330.0 1138
340.0 1165
350.0 1135
360.0 1126
370.0 1137
380.0 1217
390.0 1173
400.0 1157
410.0 1341
420.0 1230
430.0 1338
440.0 1445
450.0 1429
460.0 1511
470.0 1506
480.0 1683
490.0 1748
500.0 1806
510.0 1791
520.0 1941
530.0 1990
540.0 1927
550.0 2001
560.0 2126
570.0 2056
580.0 2098
590.0 1958
600.0 1830
610.0 1795
620.0 1693
630.0 1588
640.0 1404
650.0 1240
660.0 1182
670.0 1036
680.0 857
690.0 807
700.0 622
710.0 529
720.0 460
730.0 336
740.0 276
750.0 208
760.0 176
770.0 125
780.0 96
790.0 71
800.0 46
810.0 33
820.0 28
830.0 9
840.0 13
850.0 6
860.0 4
870.0 3
880.0 1
890.0 3
900.0 3
910.0 0
920.0 0
930.0 1
940.0 0
950.0 0
960.0 0
970.0 0
980.0 0
990.0 0
1000.0 0
1010.0 0
1020.0 0
1030.0 0
1040.0 0
1050.0 0
1060.0 0
1070.0 0
1080.0 0
1090.0 0
1100.0 0
1110.0 0
1120.0 0
1130.0 0
1140.0 0
1150.0 0
1160.0 0
1170.0 0
1180.0 0
1190.0 0
1200.0 0
1210.0 0
1220.0 0
1230.0 0
1240.0 0
1250.0 0
1260.0 0
1270.0 0
1280.0 0
1290.0 0
1300.0 0
1310.0 0
1320.0 0
1330.0 0
1340.0 0
1350.0 0
1360.0 0
1370.0 0
1380.0 0
1390.0 0
1400.0 0
1410.0 0
1420.0 0
1430.0 0
1440.0 0
1450.0 0
1460.0 0
1470.0 0
1480.0 0
1490.0 0
