0.0 13
10.0 16
20.0 36
30.0 23
40.0 35
50.0 30
60.0 50
70.0 68
80.0 72
90.0 70
100.0 97
110.0 124
120.0 140
130.0 159
140.0 190
150.0 228
160.0 260
170.0 285
180.0 346
190.0 349
200.0 392
210.0 409
220.0 473
230.0 481
240.0 579
250.0 566
260.0 593
270.0 610
280.0 643
290.0 616
300.0 674
310.0 671
320.0 654
330.0 664
340.0 658
350.0 677
360.0 699
370.0 736
380.0 721
390.0 757
400.0 721
410.0 766
420.0 687
430.0 765
440.0 781
450.0 714
460.0 726
470.0 774
480.0 769
490.0 759
500.0 803
510.0 779
520.0 809
530.0 869
540.0 880
550.0 962
560.0 988
570.0 1077
580.0 1073
590.0 1192
600.0 1242
610.0 1393
620.0 1602
630.0 1732
640.0 1844
650.0 1967
660.0 2082
670.0 2187
680.0 2409
690.0 2529
700.0 2576
710.0 2737
720.0 2718
730.0 2796
740.0 2723
750.0 2615
760.0 2656
770.0 2291
780.0 2279
790.0 2088
800.0 2031
810.0 1704
820.0 1546
830.0 1420
840.0 1184
850.0 984
860.0 805
870.0 672
880.0 572
890.0 426
900.0 370
910.0 268
920.0 192
930.0 162
940.0 119
950.0 99
960.0 59
970.0 47
980.0 28
990.0 19
1000.0 14
1010.0 10
1020.0 8
1030.0 2
1040.0 5
1050.0 0
1060.0 0
1070.0 0
1080.0 1
1090.0 0
1100.0 1
1110.0 0
1120.0 0
1130.0 0
1140.0 0
1150.0 0
1160.0 0
1170.0 0
1180.0 0
1190.0 0
1200.0 0
1210.0 0
1220.0 0
1230.0 0
1240.0 0
1250.0 0
1260.0 0
1270.0 0
1280.0 0
1290.0 0
1300.0 0
1310.0 0
1320.0 0
1330.0 0
1340.0 0
1350.0 0
1360.0 0
1370.0 0
1380.0 0
1390.0 0
1400.0 0
1410.0 0
1420.0 0
1430.0 0
1440.0 0
1450.0 0
1460.0 0
1470.0 0
1480.0 0
1490.0 0
