0.0 219
10.0 229
20.0 313
30.0 366
40.0 423
50.0 487
60.0 536
70.0 646
80.0 787
90.0 810
100.0 961
110.0 997
120.0 1116
130.0 1235
140.0 1290
150.0 1366
160.0 1431
170.0 1508
180.0 1563
190.0 1579
200.0 1647
210.0 1609
220.0 1606
230.0 1535
240.0 1578
250.0 1498
260.0 1622
270.0 1470
280.0 1529
290.0 1490
300.0 1463
310.0 1542
320.0 1471
330.0 1583
340.0 1540
350.0 1562
360.0 1591
370.0 1619
380.0 1601
390.0 1650
400.0 1710
410.0 1781
420.0 1892
430.0 1823
440.0 1867
450.0 1943
460.0 1802
470.0 1855
480.0 1779
490.0 1782
500.0 1647
510.0 1500
520.0 1441
530.0 1347
540.0 1294
550.0 1121
560.0 1019
570.0 825
580.0 799
590.0 632
600.0 548
610.0 463
620.0 360
630.0 293
640.0 244
650.0 165
660.0 146
670.0 97
680.0 93
690.0 53
700.0 46
710.0 27
720.0 20
730.0 12
740.0 5
750.0 8
760.0 1
770.0 3
780.0 5
790.0 0
800.0 0
810.0 1
820.0 0
830.0 0
840.0 0
850.0 0
860.0 0
870.0 0
880.0 0
890.0 0
900.0 0
910.0 0
920.0 0
930.0 0
940.0 0
950.0 0
960.0 0
970.0 0
980.0 0
990.0 0
1000.0 0
1010.0 0
1020.0 0
1030.0 0
1040.0 0
1050.0 0
1060.0 0
1070.0 0
1080.0 0
1090.0 0
1100.0 0
1110.0 0
1120.0 0
1130.0 0
1140.0 0
1150.0 0
1160.0 0
1170.0 0
1180.0 0
1190.0 0
1200.0 0
1210.0 0
1220.0 0
1230.0 0
1240.0 0
1250.0 0
1260.0 0
1270.0 0
1280.0 0
1290.0 0
1300.0 0
1310.0 0
1320.0 0
1330.0 0
1340.0 0
1350.0 0
1360.0 0
1370.0 0
1380.0 0
1390.0 0
1400.0 0
1410.0 0
1420.0 0
1430.0 0
1440.0 0
1450.0 0
1460.0 0
1470.0 0
1480.0 0
1490.0 0
