0.0 31
10.0 24
20.0 54
30.0 40
40.0 49
50.0 70
60.0 106
70.0 97
80.0 115
90.0 162
100.0 166
110.0 204
120.0 220
130.0 313
140.0 317
150.0 326
160.0 374
170.0 419
180.0 448
190.0 503
200.0 587
210.0 597
220.0 611
230.0 644
240.0 675
250.0 756
260.0 742
270.0 781
280.0 748
290.0 813
300.0 825
310.0 874
320.0 809
330.0 855
340.0 800
350.0 882
360.0 885
370.0 858
380.0 869
390.0 826
400.0 853
410.0 913
420.0 902
430.0 864
440.0 854
450.0 891
460.0 895
470.0 912
480.0 965
490.0 1021
500.0 1045
510.0 1037
520.0 1150
530.0 1180
540.0 1263
550.0 1393
560.0 1529
570.0 1541
580.0 1651
590.0 1737
600.0 1939
610.0 2120
620.0 2192
630.0 2323
640.0 2347
650.0 2443
660.0 2474
670.0 2506
680.0 2514
690.0 2441
700.0 2456
710.0 2337
720.0 2241
730.0 1993
740.0 1909
750.0 1684
760.0 1552
770.0 1294
780.0 1109
790.0 960
800.0 873
810.0 666
820.0 608
830.0 447
840.0 383
850.0 297
860.0 227
870.0 185
880.0 138
890.0 103
900.0 81
910.0 47
920.0 30
930.0 28
940.0 16
950.0 11
960.0 3
970.0 10
980.0 3
990.0 1
1000.0 4
1010.0 0
1020.0 0
1030.0 1
1040.0 1
1050.0 0
1060.0 0
1070.0 1
1080.0 0
1090.0 0
1100.0 0
1110.0 0
1120.0 0
1130.0 0
1140.0 0
1150.0 0
1160.0 0
1170.0 0
1180.0 0
1190.0 0
1200.0 0
1210.0 0
1220.0 0
1230.0 0
1240.0 0
1250.0 0
1260.0 0
1270.0 0
1280.0 0
1290.0 0
1300.0 0
1310.0 0
1320.0 0
1330.0 0
1340.0 0
1350.0 0
1360.0 0
1370.0 0
1380.0 0
1390.0 0
1400.0 0
1410.0 0
1420.0 0
1430.0 0
1440.0 0
1450.0 0
1460.0 0
1470.0 0
1480.0 0
1490.0 0
