0.0 100
10.0 112
20.0 138
30.0 184
40.0 221
50.0 240
60.0 275
70.0 330
80.0 439
90.0 441
100.0 523
110.0 570
120.0 699
130.0 733
140.0 838
150.0 905
160.0 925
170.0 948
180.0 1004
190.0 1157
200.0 1115
210.0 1145
220.0 1203
230.0 1147
240.0 1178
250.0 1176
260.0 1156
270.0 1225
280.0 1222
290.0 1127
300.0 1153
310.0 1071
320.0 1069
330.0 1108
340.0 1074
350.0 1146
360.0 1130
370.0 1165
380.0 1185
390.0 1256
400.0 1293
410.0 1405
420.0 1448
430.0 1526
440.0 1571
450.0 1666
460.0 1740
470.0 1833
480.0 1840
490.0 1990
500.0 1990
510.0 1994
520.0 2095
530.0 2122
540.0 2056
550.0 1966
560.0 1910
570.0 1842
580.0 1689
590.0 1472
600.0 1369
610.0 1281
620.0 1088
630.0 1045
640.0 849
650.0 719
660.0 607
670.0 498
680.0 376
690.0 288
700.0 252
710.0 189
720.0 135
730.0 108
740.0 76
750.0 59
760.0 41
770.0 17
780.0 24
790.0 16
800.0 9
810.0 8
820.0 2
830.0 5
840.0 1
850.0 2
860.0 0
870.0 2
880.0 0
890.0 0
900.0 0
910.0 0
920.0 0
930.0 0
940.0 0
950.0 0
960.0 0
970.0 0
980.0 0
990.0 0
1000.0 0
1010.0 0
1020.0 0
1030.0 0
1040.0 0
1050.0 0
1060.0 0
1070.0 0
1080.0 0
1090.0 0
1100.0 0
1110.0 0
1120.0 0
1130.0 0
1140.0 0
1150.0 0
1160.0 0
1170.0 0
1180.0 0
1190.0 0
1200.0 0
1210.0 0
1220.0 0
1230.0 0
1240.0 0
1250.0 0
1260.0 0
1270.0 0
1280.0 0
1290.0 0
1300.0 0
1310.0 0
1320.0 0
1330.0 0
1340.0 0
1350.0 0
1360.0 0
1370.0 0
1380.0 0
1390.0 0
1400.0 0
1410.0 0
1420.0 0
1430.0 0
1440.0 0
1450.0 0
1460.0 0
1470.0 0
1480.0 0
1490.0 0
