0.0 175
10.0 255
20.0 322
30.0 396
40.0 396
50.0 512
60.0 548
70.0 620
80.0 721
90.0 846
100.0 906
110.0 1002
120.0 1127
130.0 1203
140.0 1308
150.0 1437
160.0 1390
170.0 1474
180.0 1504
190.0 1564
200.0 1605
210.0 1690
220.0 1646
230.0 1608
240.0 1621
250.0 1480
260.0 1532
270.0 1547
280.0 1570
290.0 1455
300.0 1568
310.0 1510
320.0 1485
330.0 1465
340.0 1579
350.0 1555
360.0 1633
370.0 1652
380.0 1649
390.0 1647
400.0 1708
410.0 1750
420.0 1790
430.0 1819
440.0 1855
450.0 1828
460.0 1859
470.0 1850
480.0 1832
490.0 1780
500.0 1617
510.0 1537
520.0 1444
530.0 1283
540.0 1269
550.0 1179
560.0 972
570.0 901
580.0 723
590.0 667
600.0 506
610.0 428
620.0 378
630.0 343
640.0 224
650.0 203
660.0 149
670.0 120
680.0 88
690.0 54
700.0 32
710.0 35
720.0 22
730.0 11
740.0 8
750.0 13
760.0 5
770.0 3
780.0 2
790.0 1
800.0 0
810.0 0
820.0 0
830.0 0
840.0 1
850.0 0
860.0 0
870.0 0
880.0 0
890.0 0
900.0 0
910.0 0
920.0 0
930.0 0
940.0 0
950.0 0
960.0 0
970.0 0
980.0 0
990.0 0
1000.0 0
1010.0 0
1020.0 0
1030.0 0
1040.0 0
1050.0 0
1060.0 0
1070.0 0
1080.0 0
1090.0 0
1100.0 0
1110.0 0
1120.0 0
1130.0 0
1140.0 0
1150.0 0
1160.0 0
1170.0 0
1180.0 0
1190.0 0
1200.0 0
1210.0 0
1220.0 0
1230.0 0
1240.0 0
1250.0 0
1260.0 0
1270.0 0
1280.0 0
1290.0 0
1300.0 0
1310.0 0
1320.0 0
1330.0 0
1340.0 0
1350.0 0
1360.0 0
1370.0 0
1380.0 0
1390.0 0
1400.0 0
1410.0 0
1420.0 0
1430.0 0
1440.0 0
1450.0 0
1460.0 0
1470.0 0
1480.0 0
1490.0 0
