0.0 23
10.0 25
20.0 36
30.0 42
40.0 43
50.0 53
60.0 78
70.0 91
80.0 93
90.0 137
100.0 134
110.0 175
120.0 202
130.0 207
140.0 282
150.0 299
160.0 317
170.0 353
180.0 398
190.0 423
200.0 523
210.0 516
220.0 563
230.0 609
240.0 576
250.0 647
260.0 703
270.0 700
280.0 767
290.0 804
300.0 733
310.0 797
320.0 766
330.0 786
340.0 800
350.0 758
360.0 726
370.0 788
380.0 763
390.0 735
400.0 701
410.0 787
420.0 667
430.0 690
440.0 653
450.0 712
460.0 751
470.0 755
480.0 762
490.0 755
500.0 914
510.0 877
520.0 950
530.0 1054
540.0 1067
550.0 1229
560.0 1300
570.0 1451
580.0 1676
590.0 1709
600.0 1971
610.0 1998
620.0 2251
630.0 2378
640.0 2476
650.0 2635
660.0 2646
670.0 2806
680.0 2751
690.0 2825
700.0 2660
710.0 2656
720.0 2574
730.0 2314
740.0 2182
750.0 1969
760.0 1740
770.0 1543
780.0 1445
790.0 1222
800.0 1017
810.0 885
820.0 685
830.0 631
840.0 497
850.0 360
860.0 288
870.0 215
880.0 149
890.0 109
900.0 81
910.0 57
920.0 45
930.0 38
940.0 28
950.0 17
960.0 8
970.0 14
980.0 2
990.0 2
1000.0 0
1010.0 0
1020.0 0
1030.0 0
1040.0 1
1050.0 0
1060.0 0
1070.0 0
1080.0 0
1090.0 0
1100.0 0
1110.0 0
1120.0 0
1130.0 0
1140.0 0
1150.0 0
1160.0 0
1170.0 0
1180.0 0
1190.0 0
1200.0 0
1210.0 0
1220.0 0
1230.0 0
1240.0 0
1250.0 0
1260.0 0
1270.0 0
1280.0 0
1290.0 0
1300.0 0
1310.0 0
1320.0 0
1330.0 0
1340.0 0
1350.0 0
1360.0 0
1370.0 0
1380.0 0
1390.0 0
1400.0 0
1410.0 0
1420.0 0
1430.0 0
1440.0 0
1450.0 0
1460.0 0
1470.0 0
1480.0 0
1490.0 0
