0.0 90
10.0 105
20.0 153
30.0 148
40.0 199
50.0 253
60.0 274
70.0 324
80.0 398
90.0 456
100.0 538
110.0 620
120.0 682
130.0 724
140.0 832
150.0 872
160.0 982
170.0 976
180.0 1066
190.0 1077
200.0 1103
210.0 1136
220.0 1202
230.0 1198
240.0 1222
250.0 1200
260.0 1228
270.0 1160
280.0 1150
290.0 1124
300.0 1118
310.0 1101
320.0 1101
330.0 1097
340.0 1110
350.0 1140
360.0 1115
370.0 1115
380.0 1186
390.0 1252
400.0 1327
410.0 1348
420.0 1419
430.0 1534
440.0 1600
450.0 1660
460.0 1804
470.0 1814
480.0 1914
490.0 1933
500.0 2018
510.0 2114
520.0 2132
530.0 2042
540.0 2065
550.0 1948
560.0 1881
570.0 1816
580.0 1669
590.0 1514
600.0 1439
610.0 1236
620.0 1111
630.0 958
640.0 771
650.0 715
660.0 538
670.0 523
680.0 405
690.0 316
700.0 270
710.0 229
720.0 134
730.0 102
740.0 79
750.0 60
760.0 34
770.0 23
780.0 18
790.0 16
800.0 10
810.0 6
820.0 4
830.0 2
840.0 2
850.0 3
860.0 1
870.0 0
880.0 0
890.0 0
900.0 0
910.0 0
920.0 0
930.0 0
940.0 0
950.0 0
960.0 0
970.0 0
980.0 0
990.0 0
1000.0 0
1010.0 0
1020.0 0
1030.0 0
1040.0 0
1050.0 0
1060.0 0
1070.0 0
1080.0 0
1090.0 0
1100.0 0
1110.0 0
1120.0 0
1130.0 0
1140.0 0
1150.0 0
1160.0 0
1170.0 0
1180.0 0
1190.0 0
1200.0 0
1210.0 0
1220.0 0
1230.0 0
1240.0 0
1250.0 0
1260.0 0
1270.0 0
1280.0 0
1290.0 0
1300.0 0
1310.0 0
1320.0 0
1330.0 0
1340.0 0
1350.0 0
1360.0 0
1370.0 0
1380.0 0
1390.0 0
1400.0 0
1410.0 0
1420.0 0
1430.0 0
1440.0 0
1450.0 0
1460.0 0
1470.0 0
1480.0 0
1490.0 0
