0.0 48
10.0 86
20.0 86
30.0 111
40.0 130
50.0 160
60.0 198
70.0 229
80.0 289
90.0 292
100.0 435
110.0 420
120.0 507
130.0 506
140.0 613
150.0 614
160.0 731
170.0 801
180.0 827
190.0 859
200.0 891
210.0 949
220.0 972
230.0 1014
240.0 1056
250.0 1007
260.0 1038
270.0 1134
280.0 1078
290.0 1129
300.0 1032
310.0 1039
320.0 1085
330.0 1063
340.0 1086
350.0 1044
360.0 994
370.0 1073
380.0 1116
390.0 1034
400.0 1099
410.0 1131
420.0 1130
430.0 1250
440.0 1273
450.0 1375
460.0 1483
470.0 1507
480.0 1574
490.0 1705
500.0 1821
510.0 1922
520.0 1872
530.0 1993
540.0 2100
550.0 2074
560.0 2256
570.0 2244
580.0 2173
590.0 2168
600.0 2049
610.0 1963
620.0 1859
630.0 1773
640.0 1608
650.0 1519
660.0 1331
670.0 1209
680.0 1047
690.0 865
700.0 739
710.0 611
720.0 533
730.0 420
740.0 340
750.0 244
760.0 207
770.0 149
780.0 117
790.0 65
800.0 44
810.0 34
820.0 28
830.0 20
840.0 18
850.0 14
860.0 8
870.0 3
880.0 2
890.0 0
900.0 3
910.0 0
920.0 1
930.0 0
940.0 0
950.0 0
960.0 0
970.0 0
980.0 0
990.0 0
1000.0 0
1010.0 0
1020.0 0
1030.0 0
1040.0 0
1050.0 0
1060.0 0
1070.0 0
1080.0 0
1090.0 0
1100.0 0
1110.0 0
1120.0 0
1130.0 0
1140.0 0
1150.0 0
1160.0 0
1170.0 0
1180.0 0
1190.0 0
1200.0 0
1210.0 0
1220.0 0
1230.0 0
1240.0 0
1250.0 0
1260.0 0
1270.0 0
1280.0 0
1290.0 0
1300.0 0
1310.0 0
1320.0 0
1330.0 0
1340.0 0
1350.0 0
1360.0 0
1370.0 0
1380.0 0
1390.0 0
1400.0 0
1410.0 0
1420.0 0
1430.0 0
1440.0 0
1450.0 0
1460.0 0
1470.0 0
1480.0 0
1490.0 0
