0.0 21
10.0 50
20.0 58
30.0 48
40.0 74
50.0 96
60.0 107
70.0 137
80.0 159
90.0 170
100.0 209
110.0 239
120.0 292
130.0 313
140.0 352
150.0 396
160.0 473
170.0 515
180.0 544
190.0 626
200.0 664
210.0 688
220.0 786
230.0 770
240.0 844
250.0 796
260.0 874
270.0 852
280.0 848
290.0 887
300.0 856
310.0 821
320.0 865
330.0 828
340.0 813
350.0 833
360.0 838
370.0 796
380.0 790
390.0 814
400.0 786
410.0 781
420.0 784
430.0 849
440.0 819
450.0 837
460.0 952
470.0 974
480.0 1008
490.0 1123
500.0 1162
510.0 1323
520.0 1421
530.0 1550
540.0 1688
550.0 1857
560.0 1933
570.0 2182
580.0 2265
590.0 2372
600.0 2474
610.0 2540
620.0 2636
630.0 2669
640.0 2555
650.0 2614
660.0 2475
670.0 2377
680.0 2219
690.0 2027
700.0 1911
710.0 1723
720.0 1512
730.0 1333
740.0 1107
750.0 942
760.0 780
770.0 699
780.0 544
790.0 416
800.0 320
810.0 250
820.0 202
830.0 141
840.0 109
850.0 80
860.0 47
870.0 45
880.0 38
890.0 23
900.0 13
910.0 10
920.0 6
930.0 2
940.0 1
950.0 2
960.0 0
970.0 0
980.0 0
990.0 0
1000.0 0
1010.0 0
1020.0 0
1030.0 0
1040.0 0
1050.0 0
1060.0 0
1070.0 0
1080.0 0
1090.0 0
1100.0 0
1110.0 0
1120.0 0
1130.0 0
1140.0 0
1150.0 0
1160.0 0
1170.0 0
1180.0 0
1190.0 0
1200.0 0
1210.0 0
1220.0 0
1230.0 0
1240.0 0
1250.0 0
1260.0 0
1270.0 0
1280.0 0
1290.0 0
1300.0 0
1310.0 0
1320.0 0
1330.0 0
1340.0 0
1350.0 0
1360.0 0
1370.0 0
1380.0 0
1390.0 0
1400.0 0
1410.0 0
1420.0 0
1430.0 0
1440.0 0
1450.0 0
1460.0 0
1470.0 0
1480.0 0
1490.0 0
