0.0 61
10.0 69
20.0 87
30.0 126
40.0 154
50.0 190
60.0 210
70.0 243
80.0 289
90.0 327
100.0 347
110.0 450
120.0 460
130.0 578
140.0 607
150.0 677
160.0 714
170.0 761
180.0 827
190.0 875
200.0 926
210.0 963
220.0 958
230.0 1064
240.0 1071
250.0 1083
260.0 1043
270.0 1044
280.0 1105
290.0 1047
300.0 1072
310.0 1046
320.0 1060
330.0 1040
340.0 1086
350.0 1032
360.0 1032
370.0 1081
380.0 1109
390.0 1057
400.0 1082
410.0 1117
420.0 1217
430.0 1255
440.0 1251
450.0 1411
460.0 1398
470.0 1455
480.0 1649
490.0 1702
500.0 1774
510.0 1802
520.0 2018
530.0 1990
540.0 2137
550.0 2117
560.0 2161
570.0 2296
580.0 2191
590.0 2087
600.0 2094
610.0 1911
620.0 1943
630.0 1727
640.0 1604
650.0 1442
660.0 1338
670.0 1161
680.0 1002
690.0 829
700.0 778
710.0 630
720.0 505
730.0 399
740.0 340
750.0 228
760.0 200
770.0 156
780.0 118
790.0 72
800.0 62
810.0 51
820.0 27
830.0 28
840.0 18
850.0 8
860.0 7
870.0 5
880.0 2
890.0 7
900.0 3
910.0 1
920.0 3
930.0 0
940.0 0
950.0 0
960.0 0
970.0 0
980.0 0
990.0 0
1000.0 0
1010.0 0
1020.0 0
1030.0 0
1040.0 0
1050.0 0
1060.0 0
1070.0 0
1080.0 0
1090.0 0
1100.0 0
1110.0 0
1120.0 0
1130.0 0
1140.0 0
1150.0 0
1160.0 0
1170.0 0
1180.0 0
1190.0 0
1200.0 0
1210.0 0
1220.0 0
1230.0 0
1240.0 0
1250.0 0
1260.0 0
1270.0 0
1280.0 0
1290.0 0
1300.0 0
1310.0 0
1320.0 0
1330.0 0
1340.0 0
1350.0 0
1360.0 0
1370.0 0
1380.0 0
1390.0 0
1400.0 0
1410.0 0
1420.0 0
1430.0 0
1440.0 0
1450.0 0
1460.0 0
1470.0 0
1480.0 0
1490.0 0
