0.0 99
10.0 120
20.0 180
30.0 191
40.0 224
50.0 245
60.0 319
70.0 373
80.0 404
90.0 467
100.0 534
110.0 587
120.0 713
130.0 700
140.0 804
150.0 881
160.0 1000
170.0 1026
180.0 1010
190.0 1139
200.0 1133
210.0 1155
220.0 1241
230.0 1230
240.0 1223
250.0 1221
260.0 1219
270.0 1242
280.0 1151
290.0 1183
300.0 1194
310.0 1221
320.0 1145
330.0 1217
340.0 1180
350.0 1168
360.0 1260
370.0 1241
380.0 1269
390.0 1273
400.0 1398
410.0 1367
420.0 1484
430.0 1541
440.0 1579
450.0 1675
460.0 1755
470.0 1838
480.0 1878
490.0 1900
500.0 2002
510.0 1938
520.0 1973
530.0 1950
540.0 1911
550.0 1893
560.0 1854
570.0 1742
580.0 1540
590.0 1481
600.0 1326
610.0 1234
620.0 1008
630.0 912
640.0 727
650.0 661
660.0 536
670.0 446
680.0 380
690.0 272
700.0 230
710.0 205
720.0 118
730.0 110
740.0 77
750.0 61
760.0 35
770.0 29
780.0 21
790.0 9
800.0 7
810.0 6
820.0 2
830.0 2
840.0 2
850.0 1
860.0 0
870.0 0
880.0 0
890.0 0
900.0 0
910.0 0
920.0 0
930.0 0
940.0 0
950.0 0
960.0 0
970.0 0
980.0 0
990.0 0
1000.0 0
1010.0 0
1020.0 0
1030.0 0
1040.0 0
1050.0 0
1060.0 0
1070.0 0
1080.0 0
1090.0 0
1100.0 0
1110.0 0
1120.0 0
1130.0 0
1140.0 0
1150.0 0
1160.0 0
1170.0 0
1180.0 0
1190.0 0
1200.0 0
1210.0 0
1220.0 0
1230.0 0
1240.0 0
1250.0 0
1260.0 0
1270.0 0
1280.0 0
1290.0 0
1300.0 0
1310.0 0
1320.0 0
1330.0 0
1340.0 0
1350.0 0
1360.0 0
1370.0 0
1380.0 0
1390.0 0
1400.0 0
1410.0 0
1420.0 0
1430.0 0
1440.0 0
1450.0 0
1460.0 0
1470.0 0
1480.0 0
1490.0 0
