0.0 72
10.0 102
20.0 97
30.0 169
40.0 179
50.0 193
60.0 245
70.0 268
80.0 281
90.0 356
100.0 425
110.0 507
120.0 535
130.0 558
140.0 670
150.0 693
160.0 760
170.0 860
180.0 885
190.0 932
200.0 1032
210.0 1019
220.0 971
230.0 1045
240.0 1132
250.0 1040
260.0 1121
270.0 1122
280.0 1109
290.0 1138
300.0 1160
310.0 1175
320.0 1191
330.0 1109
340.0 1137
350.0 1154
360.0 1146
370.0 1167
380.0 1197
390.0 1156
400.0 1220
410.0 1302
420.0 1268
430.0 1289
440.0 1363
450.0 1378
460.0 1539
470.0 1563
480.0 1668
490.0 1674
500.0 1818
510.0 1854
520.0 1972
530.0 2016
540.0 2069
550.0 1984
560.0 2074
570.0 2150
580.0 2012
590.0 1957
600.0 1884
610.0 1796
620.0 1622
630.0 1562
640.0 1394
650.0 1308
660.0 1129
670.0 1046
680.0 890
690.0 761
700.0 629
710.0 544
720.0 422
730.0 332
740.0 290
750.0 227
760.0 180
770.0 127
780.0 83
790.0 67
800.0 54
810.0 31
820.0 21
830.0 17
840.0 13
850.0 8
860.0 6
870.0 3
880.0 2
890.0 2
900.0 0
910.0 1
920.0 0
930.0 0
940.0 0
950.0 0
960.0 0
970.0 0
980.0 0
990.0 0
1000.0 0
1010.0 0
1020.0 0
1030.0 0
1040.0 0
1050.0 0
1060.0 0
1070.0 0
1080.0 0
1090.0 0
1100.0 0
1110.0 0
1120.0 0
1130.0 0
1140.0 0
1150.0 0
1160.0 0
1170.0 0
1180.0 0
1190.0 0
1200.0 0
1210.0 0
1220.0 0
1230.0 0
1240.0 0
1250.0 0
1260.0 0
1270.0 0
1280.0 0
1290.0 0
1300.0 0
1310.0 0
1320.0 0
1330.0 0
1340.0 0
1350.0 0
1360.0 0
1370.0 0
1380.0 0
1390.0 0
1400.0 0
1410.0 0
1420.0 0
1430.0 0
1440.0 0
1450.0 0
1460.0 0
1470.0 0
1480.0 0
1490.0 0
