0.0 87
10.0 96
20.0 145
30.0 179
40.0 209
50.0 241
60.0 287
70.0 325
80.0 390
90.0 462
100.0 523
110.0 591
120.0 646
130.0 754
140.0 778
150.0 846
160.0 956
170.0 931
180.0 1071
190.0 1109
200.0 1130
210.0 1203
220.0 1213
230.0 1187
240.0 1159
250.0 1157
260.0 1159
270.0 1197
280.0 1132
290.0 1164
300.0 1231
310.0 1158
320.0 1106
330.0 1152
340.0 1104
350.0 1136
360.0 1096
370.0 1166
380.0 1248
390.0 1230
400.0 1291
410.0 1295
420.0 1421
430.0 1528
440.0 1568
450.0 1664
460.0 1648
470.0 1786
480.0 2008
490.0 2032
500.0 2038
510.0 2132
520.0 2114
530.0 2111
540.0 2065
550.0 1973
560.0 1867
570.0 1782
580.0 1642
590.0 1523
600.0 1350
610.0 1209
620.0 1114
630.0 970
640.0 824
650.0 704
660.0 603
670.0 493
680.0 400
690.0 272
700.0 232
710.0 205
720.0 137
730.0 126
740.0 76
750.0 58
760.0 55
770.0 38
780.0 19
790.0 11
800.0 9
810.0 4
820.0 3
830.0 5
840.0 4
850.0 0
860.0 0
870.0 0
880.0 0
890.0 0
900.0 1
910.0 0
920.0 0
930.0 0
940.0 0
950.0 0
960.0 0
970.0 0
980.0 0
990.0 0
1000.0 0
1010.0 0
1020.0 0
1030.0 0
1040.0 0
1050.0 0
1060.0 0
1070.0 0
1080.0 0
1090.0 0
1100.0 0
1110.0 0
1120.0 0
1130.0 0
1140.0 0
1150.0 0
1160.0 0
1170.0 0
1180.0 0
1190.0 0
1200.0 0
1210.0 0
1220.0 0
1230.0 0
1240.0 0
1250.0 0
1260.0 0
1270.0 0
1280.0 0
1290.0 0
1300.0 0
1310.0 0
1320.0 0
1330.0 0
1340.0 0
1350.0 0
1360.0 0
1370.0 0
1380.0 0
1390.0 0
1400.0 0
1410.0 0
1420.0 0
1430.0 0
1440.0 0
1450.0 0
1460.0 0
1470.0 0
1480.0 0
1490.0 0
