0.0 28
10.0 50
20.0 44
30.0 74
40.0 78
50.0 86
60.0 115
70.0 122
80.0 172
90.0 204
100.0 233
110.0 277
120.0 321
130.0 359
140.0 405
150.0 432
160.0 517
170.0 575
180.0 595
190.0 629
200.0 719
210.0 730
220.0 795
230.0 799
240.0 883
250.0 876
260.0 883
270.0 904
280.0 908
290.0 912
300.0 925
310.0 884
320.0 911
330.0 902
340.0 932
350.0 912
360.0 927
370.0 874
380.0 870
390.0 943
400.0 876
410.0 913
420.0 876
430.0 975
440.0 941
450.0 980
460.0 985
470.0 1098
480.0 1164
490.0 1225
500.0 1317
510.0 1383
520.0 1456
530.0 1595
540.0 1621
550.0 1822
560.0 1979
570.0 2041
580.0 2199
590.0 2370
600.0 2452
610.0 2507
620.0 2441
630.0 2408
640.0 2445
650.0 2329
660.0 2304
670.0 2165
680.0 2062
690.0 1878
700.0 1655
710.0 1546
720.0 1396
730.0 1234
740.0 970
750.0 849
760.0 757
770.0 557
780.0 438
790.0 410
800.0 290
810.0 254
820.0 190
830.0 152
840.0 99
850.0 75
860.0 50
870.0 40
880.0 16
890.0 16
900.0 14
910.0 7
920.0 4
930.0 4
940.0 1
950.0 0
960.0 1
970.0 2
980.0 0
990.0 0
1000.0 0
1010.0 0
1020.0 0
1030.0 0
1040.0 0
1050.0 0
1060.0 0
1070.0 0
1080.0 0
1090.0 0
1100.0 0
1110.0 0
1120.0 0
1130.0 0
1140.0 0
1150.0 0
1160.0 0
1170.0 0
1180.0 0
1190.0 0
1200.0 0
1210.0 0
1220.0 0
1230.0 0
1240.0 0
1250.0 0
1260.0 0
1270.0 0
1280.0 0
1290.0 0
1300.0 0
1310.0 0
1320.0 0
1330.0 0
1340.0 0
1350.0 0
1360.0 0
1370.0 0
1380.0 0
1390.0 0
1400.0 0
1410.0 0
1420.0 0
1430.0 0
1440.0 0
1450.0 0
1460.0 0
1470.0 0
1480.0 0
1490.0 0
