0.0 6
10.0 6
20.0 3
30.0 16
40.0 13
50.0 12
60.0 24
70.0 25
80.0 28
90.0 22
100.0 34
110.0 38
120.0 52
130.0 53
140.0 68
150.0 64
160.0 77
170.0 80
180.0 113
190.0 120
200.0 127
210.0 186
220.0 163
230.0 174
240.0 220
250.0 253
260.0 252
270.0 271
280.0 317
290.0 345
300.0 362
310.0 345
320.0 388
330.0 399
340.0 424
350.0 437
360.0 444
370.0 492
380.0 476
390.0 484
400.0 508
410.0 472
420.0 486
430.0 532
440.0 512
450.0 559
460.0 559
470.0 533
480.0 561
490.0 543
500.0 500
510.0 576
520.0 539
530.0 533
540.0 573
550.0 537
560.0 566
570.0 553
580.0 516
590.0 601
600.0 584
610.0 549
620.0 600
630.0 609
640.0 640
650.0 618
660.0 719
670.0 684
680.0 724
690.0 709
700.0 794
710.0 848
720.0 921
730.0 1034
740.0 1215
750.0 1265
760.0 1452
770.0 1560
780.0 1770
790.0 1895
800.0 2037
810.0 2278
820.0 2503
830.0 2587
840.0 2792
850.0 2896
860.0 3115
870.0 3012
880.0 3144
890.0 3032
900.0 2974
910.0 2937
920.0 2731
930.0 2604
940.0 2460
950.0 2266
960.0 2056
970.0 1828
980.0 1591
990.0 1332
1000.0 1196
1010.0 971
1020.0 803
1030.0 595
1040.0 506
1050.0 404
1060.0 306
1070.0 237
1080.0 171
1090.0 131
1100.0 91
1110.0 71
1120.0 51
1130.0 25
1140.0 20
1150.0 22
1160.0 8
1170.0 6
1180.0 3
1190.0 3
1200.0 4
1210.0 1
1220.0 1
1230.0 0
1240.0 1
1250.0 0
1260.0 0
1270.0 0
1280.0 0
1290.0 0
1300.0 0
1310.0 0
1320.0 0
1330.0 0
1340.0 0
1350.0 0
1360.0 0
1370.0 0
1380.0 0
1390.0 0
1400.0 0
1410.0 0
1420.0 0
1430.0 0
1440.0 0
1450.0 0
1460.0 0
1470.0 0
1480.0 0
1490.0 0
