0.0 30
10.0 32
20.0 40
30.0 39
40.0 47
50.0 78
60.0 94
70.0 90
80.0 126
90.0 132
100.0 156
110.0 174
120.0 206
130.0 235
140.0 302
150.0 312
160.0 391
170.0 423
180.0 460
190.0 491
200.0 520
210.0 593
220.0 570
230.0 648
240.0 680
250.0 672
260.0 725
270.0 720
280.0 786
290.0 843
300.0 754
310.0 770
320.0 798
330.0 815
340.0 830
350.0 805
360.0 852
370.0 797
380.0 791
390.0 791
400.0 865
410.0 817
420.0 817
430.0 800
440.0 795
450.0 847
460.0 828
470.0 858
480.0 902
490.0 946
500.0 999
510.0 948
520.0 1025
530.0 1096
540.0 1193
550.0 1267
560.0 1444
570.0 1570
580.0 1687
590.0 1727
600.0 1942
610.0 2055
620.0 2213
630.0 2314
640.0 2497
650.0 2481
660.0 2506
670.0 2601
680.0 2719
690.0 2615
700.0 2541
710.0 2382
720.0 2396
730.0 2133
740.0 1957
750.0 1782
760.0 1628
770.0 1424
780.0 1266
790.0 1118
800.0 931
810.0 780
820.0 630
830.0 506
840.0 396
850.0 317
860.0 247
870.0 191
880.0 133
890.0 97
900.0 65
910.0 54
920.0 40
930.0 27
940.0 17
950.0 13
960.0 10
970.0 6
980.0 2
990.0 1
1000.0 1
1010.0 0
1020.0 0
1030.0 1
1040.0 1
1050.0 0
1060.0 0
1070.0 0
1080.0 0
1090.0 0
1100.0 0
1110.0 0
1120.0 0
1130.0 0
1140.0 0
1150.0 0
1160.0 0
1170.0 0
1180.0 0
1190.0 0
1200.0 0
1210.0 0
1220.0 0
1230.0 0
1240.0 0
1250.0 0
1260.0 0
1270.0 0
1280.0 0
1290.0 0
1300.0 0
1310.0 0
1320.0 0
1330.0 0
1340.0 0
1350.0 0
1360.0 0
1370.0 0
1380.0 0
1390.0 0
1400.0 0
1410.0 0
1420.0 0
1430.0 0
1440.0 0
1450.0 0
1460.0 0
1470.0 0
1480.0 0
1490.0 0
