0.0 176
10.0 230
20.0 274
30.0 315
40.0 365
50.0 434
60.0 526
70.0 628
80.0 651
90.0 783
100.0 860
110.0 920
120.0 1058
130.0 1163
140.0 1273
150.0 1263
160.0 1384
170.0 1352
180.0 1507
190.0 1578
200.0 1524
210.0 1555
220.0 1565
230.0 1550
240.0 1547
250.0 1466
260.0 1471
270.0 1434
280.0 1411
290.0 1469
300.0 1426
310.0 1438
320.0 1412
330.0 1438
340.0 1389
350.0 1428
360.0 1520
370.0 1586
380.0 1582
390.0 1708
400.0 1806
410.0 1750
420.0 1810
430.0 1931
440.0 1974
450.0 1958
460.0 1941
470.0 1978
480.0 1901
490.0 1898
500.0 1788
510.0 1684
520.0 1672
530.0 1509
540.0 1405
550.0 1175
560.0 1161
570.0 1017
580.0 871
590.0 776
600.0 585
610.0 475
620.0 448
630.0 365
640.0 262
650.0 223
660.0 160
670.0 116
680.0 75
690.0 71
700.0 50
710.0 43
720.0 28
730.0 15
740.0 14
750.0 10
760.0 6
770.0 3
780.0 4
790.0 2
800.0 2
810.0 0
820.0 0
830.0 0
840.0 0
850.0 0
860.0 0
870.0 0
880.0 0
890.0 0
900.0 0
910.0 0
920.0 0
930.0 0
940.0 0
950.0 0
960.0 0
970.0 0
980.0 0
990.0 0
1000.0 0
1010.0 0
1020.0 0
1030.0 0
1040.0 0
1050.0 0
1060.0 0
1070.0 0
1080.0 0
1090.0 0
1100.0 0
1110.0 0
1120.0 0
1130.0 0
1140.0 0
1150.0 0
1160.0 0
1170.0 0
1180.0 0
1190.0 0
1200.0 0
1210.0 0
1220.0 0
1230.0 0
1240.0 0
1250.0 0
1260.0 0
1270.0 0
1280.0 0
1290.0 0
1300.0 0
1310.0 0
1320.0 0
1330.0 0
1340.0 0
1350.0 0
1360.0 0
1370.0 0
1380.0 0
1390.0 0
1400.0 0
1410.0 0
1420.0 0
1430.0 0
1440.0 0
1450.0 0
1460.0 0
1470.0 0
1480.0 0
1490.0 0
