0.0 24
10.0 28
20.0 42
30.0 73
40.0 72
50.0 84
60.0 111
70.0 129
80.0 151
90.0 202
100.0 222
110.0 287
120.0 302
130.0 398
140.0 361
150.0 465
160.0 509
170.0 514
180.0 586
190.0 644
200.0 655
210.0 720
220.0 730
230.0 806
240.0 821
250.0 828
260.0 865
270.0 835
280.0 859
290.0 814
300.0 937
310.0 917
320.0 884
330.0 895
340.0 878
350.0 849
360.0 835
370.0 876
380.0 880
390.0 824
400.0 824
410.0 851
420.0 819
430.0 893
440.0 899
450.0 951
460.0 959
470.0 1014
480.0 1094
490.0 1153
500.0 1227
510.0 1386
520.0 1382
530.0 1612
540.0 1746
550.0 1891
560.0 1929
570.0 2107
580.0 2184
590.0 2366
600.0 2441
610.0 2516
620.0 2490
630.0 2439
640.0 2496
650.0 2514
660.0 2434
670.0 2238
680.0 2149
690.0 1947
700.0 1858
710.0 1647
720.0 1453
730.0 1274
740.0 1019
750.0 879
760.0 779
770.0 598
780.0 523
790.0 400
800.0 334
810.0 268
820.0 184
830.0 170
840.0 124
850.0 81
860.0 58
870.0 46
880.0 21
890.0 17
900.0 10
910.0 19
920.0 7
930.0 0
940.0 1
950.0 2
960.0 1
970.0 2
980.0 0
990.0 0
1000.0 0
1010.0 0
1020.0 0
1030.0 0
1040.0 0
1050.0 0
1060.0 0
1070.0 0
1080.0 0
1090.0 0
1100.0 0
1110.0 0
1120.0 0
1130.0 0
1140.0 0
1150.0 0
1160.0 0
1170.0 0
1180.0 0
1190.0 0
1200.0 0
1210.0 0
1220.0 0
1230.0 0
1240.0 0
1250.0 0
1260.0 0
1270.0 0
1280.0 0
1290.0 0
1300.0 0
1310.0 0
1320.0 0
1330.0 0
1340.0 0
1350.0 0
1360.0 0
1370.0 0
1380.0 0
1390.0 0
1400.0 0
1410.0 0
1420.0 0
1430.0 0
1440.0 0
1450.0 0
1460.0 0
1470.0 0
1480.0 0
1490.0 0
