0.0 17
10.0 17
20.0 13
30.0 27
40.0 27
50.0 22
60.0 40
70.0 39
80.0 38
90.0 58
100.0 69
110.0 70
120.0 83
130.0 96
140.0 149
150.0 135
160.0 168
170.0 186
180.0 221
190.0 244
200.0 261
210.0 303
220.0 338
230.0 365
240.0 386
250.0 417
260.0 425
270.0 496
280.0 532
290.0 559
300.0 558
310.0 587
320.0 584
330.0 596
340.0 631
350.0 615
360.0 599
370.0 615
380.0 590
390.0 661
400.0 636
410.0 618
420.0 648
430.0 608
440.0 632
450.0 681
460.0 582
470.0 644
480.0 617
490.0 664
500.0 611
510.0 641
520.0 587
530.0 652
540.0 646
550.0 693
560.0 714
570.0 709
580.0 746
590.0 878
600.0 801
610.0 908
620.0 980
630.0 1042
640.0 1175
650.0 1261
660.0 1389
670.0 1540
680.0 1631
690.0 1943
700.0 2029
710.0 2218
720.0 2357
730.0 2517
740.0 2677
750.0 2757
760.0 2832
770.0 2927
780.0 2902
790.0 2859
800.0 2879
810.0 2834
820.0 2645
830.0 2453
840.0 2348
850.0 2150
860.0 1903
870.0 1664
880.0 1499
890.0 1254
900.0 1089
910.0 949
920.0 720
930.0 598
940.0 498
950.0 391
960.0 294
970.0 216
980.0 201
990.0 127
1000.0 87
1010.0 67
1020.0 25
1030.0 26
1040.0 18
1050.0 10
1060.0 9
1070.0 5
1080.0 7
1090.0 0
1100.0 1
1110.0 1
1120.0 0
1130.0 0
1140.0 0
1150.0 0
1160.0 0
1170.0 0
1180.0 0
1190.0 0
1200.0 0
1210.0 0
1220.0 0
1230.0 0
1240.0 0
1250.0 0
1260.0 0
1270.0 0
1280.0 0
1290.0 0
1300.0 0
1310.0 0
1320.0 0
1330.0 0
1340.0 0
1350.0 0
1360.0 0
1370.0 0
1380.0 0
1390.0 0
1400.0 0
1410.0 0
1420.0 0
1430.0 0
1440.0 0
1450.0 0
1460.0 0
1470.0 0
1480.0 0
1490.0 0
