0.0 109
10.0 141
20.0 158
30.0 197
40.0 248
50.0 314
60.0 324
70.0 388
80.0 504
90.0 502
100.0 583
110.0 596
120.0 715
130.0 770
140.0 921
150.0 931
160.0 1032
170.0 1018
180.0 1155
190.0 1152
200.0 1194
210.0 1173
220.0 1275
230.0 1249
240.0 1302
250.0 1261
260.0 1273
270.0 1272
280.0 1239
290.0 1259
300.0 1227
310.0 1282
320.0 1230
330.0 1211
340.0 1197
350.0 1191
360.0 1208
370.0 1237
380.0 1241
390.0 1320
400.0 1365
410.0 1391
420.0 1518
430.0 1560
440.0 1617
450.0 1652
460.0 1767
470.0 1850
480.0 1862
490.0 1937
500.0 1962
510.0 1971
520.0 1946
530.0 1953
540.0 1864
550.0 1737
560.0 1690
570.0 1598
580.0 1458
590.0 1310
600.0 1259
610.0 1095
620.0 983
630.0 779
640.0 702
650.0 596
660.0 498
670.0 409
680.0 336
690.0 246
700.0 215
710.0 153
720.0 105
730.0 94
740.0 58
750.0 51
760.0 32
770.0 28
780.0 17
790.0 14
800.0 6
810.0 6
820.0 6
830.0 1
840.0 1
850.0 0
860.0 0
870.0 0
880.0 0
890.0 1
900.0 0
910.0 0
920.0 0
930.0 0
940.0 0
950.0 0
960.0 0
970.0 0
980.0 0
990.0 0
1000.0 0
1010.0 0
1020.0 0
1030.0 0
1040.0 0
1050.0 0
1060.0 0
1070.0 0
1080.0 0
1090.0 0
1100.0 0
1110.0 0
1120.0 0
1130.0 0
1140.0 0
1150.0 0
1160.0 0
1170.0 0
1180.0 0
1190.0 0
1200.0 0
1210.0 0
1220.0 0
1230.0 0
1240.0 0
1250.0 0
1260.0 0
1270.0 0
1280.0 0
1290.0 0
1300.0 0
1310.0 0
1320.0 0
1330.0 0
1340.0 0
1350.0 0
1360.0 0
1370.0 0
1380.0 0
1390.0 0
1400.0 0
1410.0 0
1420.0 0
1430.0 0
1440.0 0
1450.0 0
1460.0 0
1470.0 0
1480.0 0
1490.0 0
