0.0 54
10.0 53
20.0 62
30.0 82
40.0 114
50.0 113
60.0 125
70.0 160
80.0 162
90.0 218
100.0 222
110.0 302
120.0 315
130.0 372
140.0 433
150.0 476
160.0 535
170.0 602
180.0 629
190.0 659
200.0 706
210.0 796
220.0 748
230.0 849
240.0 852
250.0 884
260.0 956
270.0 957
280.0 947
290.0 946
300.0 921
310.0 934
320.0 952
330.0 969
340.0 896
350.0 1006
360.0 948
370.0 903
380.0 963
390.0 955
400.0 954
410.0 977
420.0 934
430.0 1005
440.0 1042
450.0 1085
460.0 1125
470.0 1118
480.0 1198
490.0 1308
500.0 1383
510.0 1426
520.0 1447
530.0 1659
540.0 1767
550.0 1860
560.0 2016
570.0 2043
580.0 2184
590.0 2277
600.0 2327
610.0 2301
620.0 2325
630.0 2262
640.0 2336
650.0 2362
660.0 2102
670.0 2039
680.0 1987
690.0 1701
700.0 1539
710.0 1452
720.0 1293
730.0 1094
740.0 976
750.0 789
760.0 697
770.0 518
780.0 451
790.0 357
800.0 275
810.0 212
820.0 160
830.0 127
840.0 98
850.0 62
860.0 60
870.0 36
880.0 23
890.0 20
900.0 20
910.0 4
920.0 5
930.0 1
940.0 2
950.0 3
960.0 1
970.0 0
980.0 1
990.0 0
1000.0 1
1010.0 0
1020.0 0
1030.0 0
1040.0 0
1050.0 0
1060.0 0
1070.0 0
1080.0 0
1090.0 0
1100.0 0
1110.0 0
1120.0 0
1130.0 0
1140.0 0
1150.0 0
1160.0 0
1170.0 0
1180.0 0
1190.0 0
1200.0 0
1210.0 0
1220.0 0
1230.0 0
1240.0 0
1250.0 0
1260.0 0
1270.0 0
1280.0 0
1290.0 0
1300.0 0
1310.0 0
1320.0 0
1330.0 0
1340.0 0
1350.0 0
1360.0 0
1370.0 0
1380.0 0
1390.0 0
1400.0 0
1410.0 0
1420.0 0
1430.0 0
1440.0 0
1450.0 0
1460.0 0
1470.0 0
1480.0 0
1490.0 0
