0.0 5
10.0 14
20.0 20
30.0 18
40.0 18
50.0 30
60.0 31
70.0 35
80.0 39
90.0 54
100.0 59
110.0 78
120.0 97
130.0 103
140.0 84
150.0 138
160.0 136
170.0 176
180.0 193
190.0 237
200.0 259
210.0 256
220.0 367
230.0 361
240.0 398
250.0 404
260.0 458
270.0 489
280.0 492
290.0 494
300.0 559
310.0 504
320.0 600
330.0 547
340.0 564
350.0 597
360.0 610
370.0 607
380.0 604
390.0 641
400.0 580
410.0 594
420.0 620
430.0 576
440.0 570
450.0 629
460.0 563
470.0 601
480.0 559
490.0 621
500.0 635
510.0 615
520.0 608
530.0 611
540.0 624
550.0 665
560.0 627
570.0 638
580.0 706
590.0 738
600.0 764
610.0 890
620.0 984
630.0 1072
640.0 1186
650.0 1258
660.0 1360
670.0 1483
680.0 1713
690.0 1822
700.0 2052
710.0 2172
720.0 2353
730.0 2524
740.0 2655
750.0 2833
760.0 2874
770.0 2936
780.0 3002
790.0 2961
800.0 2981
810.0 2784
820.0 2844
830.0 2493
840.0 2394
850.0 2187
860.0 2023
870.0 1772
880.0 1542
890.0 1354
900.0 1183
910.0 963
920.0 804
930.0 633
940.0 526
950.0 425
960.0 331
970.0 234
980.0 164
990.0 137
1000.0 94
1010.0 89
1020.0 48
1030.0 39
1040.0 20
1050.0 17
1060.0 7
1070.0 5
1080.0 6
1090.0 2
1100.0 3
1110.0 0
1120.0 0
1130.0 0
1140.0 0
1150.0 0
1160.0 0
1170.0 0
1180.0 0
1190.0 0
1200.0 0
1210.0 0
1220.0 0
1230.0 0
1240.0 0
1250.0 0
1260.0 0
1270.0 0
1280.0 0
1290.0 0
1300.0 0
1310.0 0
1320.0 0
1330.0 0
1340.0 0
1350.0 0
1360.0 0
1370.0 0
1380.0 0
1390.0 0
1400.0 0
1410.0 0
1420.0 0
1430.0 0
1440.0 0
1450.0 0
1460.0 0
1470.0 0
1480.0 0
1490.0 0
