0.0 187
10.0 210
20.0 288
30.0 336
40.0 431
50.0 491
60.0 596
70.0 671
80.0 718
90.0 876
100.0 923
110.0 1030
120.0 1141
130.0 1215
140.0 1260
150.0 1345
160.0 1391
170.0 1463
180.0 1497
190.0 1566
200.0 1620
210.0 1576
220.0 1619
230.0 1604
240.0 1587
250.0 1599
260.0 1572
270.0 1588
280.0 1501
290.0 1477
300.0 1527
310.0 1455
320.0 1556
330.0 1509
340.0 1553
350.0 1569
360.0 1572
370.0 1620
380.0 1673
390.0 1689
400.0 1788
410.0 1711
420.0 1944
430.0 1780
440.0 1842
450.0 1762
460.0 1887
470.0 1792
480.0 1788
490.0 1773
500.0 1654
510.0 1559
520.0 1531
530.0 1323
540.0 1273
550.0 1124
560.0 942
570.0 838
580.0 761
590.0 654
600.0 568
610.0 476
620.0 349
630.0 286
640.0 258
650.0 194
660.0 145
670.0 108
680.0 87
690.0 60
700.0 50
710.0 22
720.0 19
730.0 12
740.0 13
750.0 10
760.0 4
770.0 3
780.0 3
790.0 1
800.0 2
810.0 0
820.0 0
830.0 1
840.0 0
850.0 0
860.0 0
870.0 0
880.0 0
890.0 0
900.0 0
910.0 0
920.0 0
930.0 0
940.0 0
950.0 0
960.0 0
970.0 0
980.0 0
990.0 0
1000.0 0
1010.0 0
1020.0 0
1030.0 0
1040.0 0
1050.0 0
1060.0 0
1070.0 0
1080.0 0
1090.0 0
1100.0 0
1110.0 0
1120.0 0
1130.0 0
1140.0 0
1150.0 0
1160.0 0
1170.0 0
1180.0 0
1190.0 0
1200.0 0
1210.0 0
1220.0 0
1230.0 0
1240.0 0
1250.0 0
1260.0 0
1270.0 0
1280.0 0
1290.0 0
1300.0 0
1310.0 0
1320.0 0
1330.0 0
1340.0 0
1350.0 0
1360.0 0
1370.0 0
1380.0 0
1390.0 0
1400.0 0
1410.0 0
1420.0 0
1430.0 0
1440.0 0
1450.0 0
1460.0 0
1470.0 0
1480.0 0
1490.0 0
