0.0 17
10.0 12
20.0 18
30.0 20
40.0 18
50.0 29
60.0 19
70.0 32
80.0 32
90.0 52
100.0 51
110.0 55
120.0 81
130.0 72
140.0 88
150.0 102
160.0 112
170.0 137
180.0 160
190.0 151
200.0 164
210.0 214
220.0 215
230.0 245
240.0 257
250.0 320
260.0 320
270.0 342
280.0 372
290.0 348
300.0 389
310.0 456
320.0 493
330.0 475
340.0 512
350.0 481
360.0 510
370.0 508
380.0 544
390.0 560
400.0 617
410.0 628
420.0 607
430.0 669
440.0 691
450.0 653
460.0 707
470.0 771
480.0 731
490.0 778
500.0 778
510.0 775
520.0 806
530.0 763
540.0 799
550.0 829
560.0 817
570.0 785
580.0 844
590.0 802
600.0 840
610.0 858
620.0 857
630.0 919
640.0 883
650.0 968
660.0 931
670.0 993
680.0 1006
690.0 1084
700.0 1114
710.0 1104
720.0 1228
730.0 1263
740.0 1390
750.0 1452
760.0 1533
770.0 1678
780.0 1763
790.0 1980
800.0 1987
810.0 2166
820.0 2233
830.0 2387
840.0 2522
850.0 2530
860.0 2574
870.0 2509
880.0 2522
890.0 2513
900.0 2451
910.0 2271
920.0 2161
930.0 1958
940.0 1886
950.0 1778
960.0 1521
970.0 1290
980.0 1186
990.0 1010
1000.0 822
1010.0 688
1020.0 600
1030.0 448
1040.0 372
1050.0 276
1060.0 186
1070.0 172
1080.0 128
1090.0 90
1100.0 76
1110.0 57
1120.0 43
1130.0 20
1140.0 21
1150.0 12
1160.0 8
1170.0 3
1180.0 3
1190.0 4
1200.0 0
1210.0 0
1220.0 3
1230.0 0
1240.0 0
1250.0 0
1260.0 0
1270.0 0
1280.0 0
1290.0 0
1300.0 0
1310.0 0
1320.0 0
1330.0 0
1340.0 0
1350.0 0
1360.0 0
1370.0 0
1380.0 0
1390.0 0
1400.0 0
1410.0 0
1420.0 0
1430.0 0
1440.0 0
1450.0 0
1460.0 0
1470.0 0
1480.0 0
1490.0 0
