0.0 16
10.0 25
20.0 19
30.0 34
40.0 28
50.0 41
60.0 47
70.0 64
80.0 77
90.0 69
100.0 101
110.0 109
120.0 133
130.0 128
140.0 163
150.0 148
160.0 185
170.0 252
180.0 264
190.0 292
200.0 314
210.0 354
220.0 402
230.0 400
240.0 496
250.0 435
260.0 464
270.0 513
280.0 587
290.0 578
300.0 630
310.0 621
320.0 624
330.0 655
340.0 689
350.0 661
360.0 732
370.0 700
380.0 721
390.0 789
400.0 797
410.0 762
420.0 779
430.0 774
440.0 805
450.0 825
460.0 791
470.0 810
480.0 825
490.0 844
500.0 911
510.0 858
520.0 865
530.0 895
540.0 888
550.0 937
560.0 945
570.0 940
580.0 946
590.0 1057
600.0 1065
610.0 1075
620.0 1184
630.0 1150
640.0 1342
650.0 1492
660.0 1523
670.0 1704
680.0 1768
690.0 1840
700.0 1904
710.0 2162
720.0 2210
730.0 2388
740.0 2421
750.0 2597
760.0 2515
770.0 2554
780.0 2445
790.0 2551
800.0 2405
810.0 2324
820.0 2212
830.0 2045
840.0 1983
850.0 1706
860.0 1537
870.0 1371
880.0 1210
890.0 1087
900.0 867
910.0 708
920.0 569
930.0 467
940.0 399
950.0 297
960.0 230
970.0 200
980.0 108
990.0 79
1000.0 70
1010.0 52
1020.0 36
1030.0 31
1040.0 19
1050.0 8
1060.0 7
1070.0 4
1080.0 3
1090.0 5
1100.0 1
1110.0 0
1120.0 0
1130.0 0
1140.0 1
1150.0 0
1160.0 0
1170.0 0
1180.0 0
1190.0 0
1200.0 0
1210.0 0
1220.0 0
1230.0 0
1240.0 0
1250.0 0
1260.0 0
1270.0 0
1280.0 0
1290.0 0
1300.0 0
1310.0 0
1320.0 0
1330.0 0
1340.0 0
1350.0 0
1360.0 0
1370.0 0
1380.0 0
1390.0 0
1400.0 0
1410.0 0
1420.0 0
1430.0 0
1440.0 0
1450.0 0
1460.0 0
1470.0 0
1480.0 0
1490.0 0
