0.0 30
10.0 34
20.0 36
30.0 51
40.0 47
50.0 54
60.0 72
70.0 92
80.0 103
90.0 143
100.0 165
110.0 153
120.0 194
130.0 240
140.0 270
150.0 287
160.0 335
170.0 389
180.0 449
190.0 497
200.0 502
210.0 581
220.0 613
230.0 615
240.0 664
250.0 708
260.0 706
270.0 766
280.0 764
290.0 734
300.0 717
310.0 791
320.0 774
330.0 739
340.0 748
350.0 752
360.0 752
370.0 729
380.0 729
390.0 703
400.0 781
410.0 774
420.0 750
430.0 777
440.0 777
450.0 743
460.0 822
470.0 795
480.0 850
490.0 901
500.0 858
510.0 944
520.0 980
530.0 1054
540.0 1158
550.0 1250
560.0 1330
570.0 1502
580.0 1623
590.0 1782
600.0 2002
610.0 2089
620.0 2221
630.0 2273
640.0 2460
650.0 2569
660.0 2587
670.0 2743
680.0 2630
690.0 2701
700.0 2597
710.0 2581
720.0 2402
730.0 2306
740.0 2153
750.0 1844
760.0 1774
770.0 1581
780.0 1319
790.0 1165
800.0 1018
810.0 822
820.0 738
830.0 589
840.0 452
850.0 329
860.0 240
870.0 178
880.0 159
890.0 118
900.0 74
910.0 59
920.0 42
930.0 30
940.0 15
950.0 13
960.0 11
970.0 8
980.0 2
990.0 5
1000.0 1
1010.0 2
1020.0 0
1030.0 0
1040.0 0
1050.0 0
1060.0 0
1070.0 0
1080.0 0
1090.0 0
1100.0 0
1110.0 0
1120.0 0
1130.0 0
1140.0 0
1150.0 0
1160.0 0
1170.0 0
1180.0 0
1190.0 0
1200.0 0
1210.0 0
1220.0 0
1230.0 0
1240.0 0
1250.0 0
1260.0 0
1270.0 0
1280.0 0
1290.0 0
1300.0 0
1310.0 0
1320.0 0
1330.0 0
1340.0 0
1350.0 0
1360.0 0
1370.0 0
1380.0 0
1390.0 0
1400.0 0
1410.0 0
1420.0 0
1430.0 0
1440.0 0
1450.0 0
1460.0 0
1470.0 0
1480.0 0
1490.0 0
