0.0 6
10.0 10
20.0 14
30.0 10
40.0 26
50.0 17
60.0 19
70.0 32
80.0 37
90.0 38
100.0 42
110.0 51
120.0 68
130.0 63
140.0 74
150.0 89
160.0 106
170.0 117
180.0 136
190.0 174
200.0 202
210.0 233
220.0 228
230.0 230
240.0 300
250.0 313
260.0 345
270.0 352
280.0 390
290.0 438
300.0 407
310.0 445
320.0 445
330.0 493
340.0 531
350.0 478
360.0 549
370.0 533
380.0 521
390.0 518
400.0 502
410.0 564
420.0 532
430.0 528
440.0 521
450.0 565
460.0 521
470.0 533
480.0 553
490.0 541
500.0 556
510.0 544
520.0 527
530.0 576
540.0 548
550.0 546
560.0 590
570.0 571
580.0 587
590.0 536
600.0 602
610.0 555
620.0 648
630.0 717
640.0 711
650.0 766
660.0 833
670.0 955
680.0 1003
690.0 1080
700.0 1224
710.0 1357
720.0 1512
730.0 1673
740.0 1799
750.0 2071
760.0 2238
770.0 2398
780.0 2555
790.0 2804
800.0 2959
810.0 3054
820.0 3119
830.0 3137
840.0 3170
850.0 3045
860.0 2934
870.0 2813
880.0 2702
890.0 2520
900.0 2283
910.0 2107
920.0 1769
930.0 1598
940.0 1406
950.0 1160
960.0 1005
970.0 768
980.0 658
990.0 591
1000.0 458
1010.0 355
1020.0 266
1030.0 185
1040.0 137
1050.0 94
1060.0 69
1070.0 46
1080.0 37
1090.0 27
1100.0 25
1110.0 11
1120.0 7
1130.0 2
1140.0 4
1150.0 5
1160.0 0
1170.0 2
1180.0 0
1190.0 1
1200.0 0
1210.0 0
1220.0 0
1230.0 0
1240.0 0
1250.0 0
1260.0 0
1270.0 0
1280.0 0
1290.0 0
1300.0 0
1310.0 0
1320.0 0
1330.0 0
1340.0 0
1350.0 0
1360.0 0
1370.0 0
1380.0 0
1390.0 0
1400.0 0
1410.0 0
1420.0 0
1430.0 0
1440.0 0
1450.0 0
1460.0 0
1470.0 0
1480.0 0
1490.0 0
