0.0 22
10.0 32
20.0 31
30.0 40
40.0 46
50.0 47
60.0 84
70.0 86
80.0 103
90.0 121
100.0 132
110.0 167
120.0 229
130.0 216
140.0 257
150.0 273
160.0 308
170.0 364
180.0 439
190.0 475
200.0 464
210.0 558
220.0 564
230.0 593
240.0 670
250.0 679
260.0 709
270.0 701
280.0 749
290.0 788
300.0 752
310.0 742
320.0 709
330.0 694
340.0 732
350.0 789
360.0 761
370.0 758
380.0 749
390.0 735
400.0 691
410.0 675
420.0 716
430.0 680
440.0 706
450.0 725
460.0 760
470.0 727
480.0 766
490.0 777
500.0 861
510.0 902
520.0 909
530.0 1012
540.0 1086
550.0 1229
560.0 1297
570.0 1426
580.0 1583
590.0 1783
600.0 1874
610.0 2034
620.0 2190
630.0 2372
640.0 2585
650.0 2616
660.0 2662
670.0 2772
680.0 2773
690.0 2708
700.0 2717
710.0 2620
720.0 2557
730.0 2341
740.0 2259
750.0 1992
760.0 1799
770.0 1590
780.0 1411
790.0 1306
800.0 1105
810.0 890
820.0 727
830.0 574
840.0 476
850.0 362
860.0 268
870.0 229
880.0 176
890.0 120
900.0 85
910.0 69
920.0 45
930.0 35
940.0 18
950.0 18
960.0 10
970.0 9
980.0 6
990.0 4
1000.0 3
1010.0 2
1020.0 0
1030.0 0
1040.0 0
1050.0 0
1060.0 0
1070.0 0
1080.0 0
1090.0 0
1100.0 0
1110.0 0
1120.0 0
1130.0 0
1140.0 0
1150.0 0
1160.0 0
1170.0 0
1180.0 0
1190.0 0
1200.0 0
1210.0 0
1220.0 0
1230.0 0
1240.0 0
1250.0 0
1260.0 0
1270.0 0
1280.0 0
1290.0 0
1300.0 0
1310.0 0
1320.0 0
1330.0 0
1340.0 0
1350.0 0
1360.0 0
1370.0 0
1380.0 0
1390.0 0
1400.0 0
1410.0 0
1420.0 0
1430.0 0
1440.0 0
1450.0 0
1460.0 0
1470.0 0
1480.0 0
1490.0 0
