0.0 170
10.0 212
20.0 228
30.0 293
40.0 346
50.0 486
60.0 507
70.0 546
80.0 681
90.0 748
100.0 829
110.0 941
120.0 983
130.0 1103
140.0 1199
150.0 1281
160.0 1237
170.0 1379
180.0 1569
190.0 1436
200.0 1453
210.0 1525
220.0 1488
230.0 1497
240.0 1507
250.0 1507
260.0 1482
270.0 1416
280.0 1429
290.0 1498
300.0 1392
310.0 1358
320.0 1413
330.0 1371
340.0 1423
350.0 1488
360.0 1544
370.0 1640
380.0 1609
390.0 1629
400.0 1731
410.0 1728
420.0 1830
430.0 1854
440.0 1931
450.0 1955
460.0 1950
470.0 2014
480.0 1932
490.0 1983
500.0 1835
510.0 1827
520.0 1713
530.0 1579
540.0 1440
550.0 1321
560.0 1182
570.0 1025
580.0 956
590.0 784
600.0 642
610.0 561
620.0 453
630.0 361
640.0 317
650.0 254
660.0 163
670.0 140
680.0 103
690.0 79
700.0 61
710.0 47
720.0 25
730.0 19
740.0 12
750.0 10
760.0 8
770.0 5
780.0 1
790.0 4
800.0 0
810.0 1
820.0 0
830.0 0
840.0 1
850.0 0
860.0 0
870.0 0
880.0 0
890.0 0
900.0 0
910.0 0
920.0 0
930.0 0
940.0 0
950.0 0
960.0 0
970.0 0
980.0 0
990.0 0
1000.0 0
1010.0 0
1020.0 0
1030.0 0
1040.0 0
1050.0 0
1060.0 0
1070.0 0
1080.0 0
1090.0 0
1100.0 0
1110.0 0
1120.0 0
1130.0 0
1140.0 0
1150.0 0
1160.0 0
1170.0 0
1180.0 0
1190.0 0
1200.0 0
1210.0 0
1220.0 0
1230.0 0
1240.0 0
1250.0 0
1260.0 0
1270.0 0
1280.0 0
1290.0 0
1300.0 0
1310.0 0
1320.0 0
1330.0 0
1340.0 0
1350.0 0
1360.0 0
1370.0 0
1380.0 0
1390.0 0
1400.0 0
1410.0 0
1420.0 0
1430.0 0
1440.0 0
1450.0 0
1460.0 0
1470.0 0
1480.0 0
1490.0 0
