0.0 143
10.0 161
20.0 236
30.0 291
40.0 321
50.0 400
60.0 421
70.0 497
80.0 578
90.0 717
100.0 779
110.0 874
120.0 928
130.0 1087
140.0 1150
150.0 1242
160.0 1268
170.0 1307
180.0 1496
190.0 1361
200.0 1453
210.0 1441
220.0 1480
230.0 1496
240.0 1498
250.0 1455
260.0 1410
270.0 1375
280.0 1286
290.0 1305
300.0 1317
310.0 1328
320.0 1307
330.0 1287
340.0 1355
350.0 1422
360.0 1400
370.0 1509
380.0 1581
390.0 1650
400.0 1698
410.0 1783
420.0 1813
430.0 1864
440.0 1980
450.0 2026
460.0 2103
470.0 2084
480.0 2107
490.0 1987
500.0 1966
510.0 1881
520.0 1843
530.0 1723
540.0 1621
550.0 1463
560.0 1345
570.0 1224
580.0 1014
590.0 910
600.0 684
610.0 640
620.0 529
630.0 405
640.0 348
650.0 273
660.0 190
670.0 172
680.0 130
690.0 88
700.0 63
710.0 42
720.0 32
730.0 23
740.0 16
750.0 3
760.0 6
770.0 6
780.0 6
790.0 2
800.0 2
810.0 0
820.0 3
830.0 0
840.0 0
850.0 0
860.0 1
870.0 0
880.0 0
890.0 0
900.0 0
910.0 0
920.0 0
930.0 0
940.0 0
950.0 0
960.0 0
970.0 0
980.0 0
990.0 0
1000.0 0
1010.0 0
1020.0 0
1030.0 0
1040.0 0
1050.0 0
1060.0 0
1070.0 0
1080.0 0
1090.0 0
1100.0 0
1110.0 0
1120.0 0
1130.0 0
1140.0 0
1150.0 0
1160.0 0
1170.0 0
1180.0 0
1190.0 0
1200.0 0
1210.0 0
1220.0 0
1230.0 0
1240.0 0
1250.0 0
1260.0 0
1270.0 0
1280.0 0
1290.0 0
1300.0 0
1310.0 0
1320.0 0
1330.0 0
1340.0 0
1350.0 0
1360.0 0
1370.0 0
1380.0 0
1390.0 0
1400.0 0
1410.0 0
1420.0 0
1430.0 0
1440.0 0
1450.0 0
1460.0 0
1470.0 0
1480.0 0
1490.0 0
