0.0 14
10.0 18
20.0 16
30.0 19
40.0 30
50.0 47
60.0 46
70.0 34
80.0 53
90.0 75
100.0 96
110.0 85
120.0 119
130.0 126
140.0 152
150.0 181
160.0 189
170.0 210
180.0 231
190.0 274
200.0 285
210.0 329
220.0 388
230.0 398
240.0 408
250.0 453
260.0 455
270.0 498
280.0 545
290.0 569
300.0 540
310.0 634
320.0 579
330.0 663
340.0 661
350.0 625
360.0 636
370.0 639
380.0 705
390.0 691
400.0 698
410.0 686
420.0 759
430.0 713
440.0 772
450.0 697
460.0 718
470.0 761
480.0 757
490.0 821
500.0 780
510.0 793
520.0 834
530.0 835
540.0 815
550.0 806
560.0 889
570.0 873
580.0 917
590.0 962
600.0 957
610.0 1098
620.0 1119
630.0 1112
640.0 1261
650.0 1392
660.0 1505
670.0 1613
680.0 1722
690.0 1853
700.0 2079
710.0 2184
720.0 2191
730.0 2386
740.0 2601
750.0 2595
760.0 2772
770.0 2660
780.0 2594
790.0 2626
800.0 2596
810.0 2473
820.0 2405
830.0 2197
840.0 2071
850.0 1880
860.0 1741
870.0 1498
880.0 1262
890.0 1132
900.0 949
910.0 782
920.0 645
930.0 554
940.0 403
950.0 322
960.0 245
970.0 184
980.0 137
990.0 114
1000.0 75
1010.0 64
1020.0 40
1030.0 20
1040.0 16
1050.0 13
1060.0 5
1070.0 4
1080.0 2
1090.0 2
1100.0 1
1110.0 1
1120.0 1
1130.0 0
1140.0 0
1150.0 0
1160.0 0
1170.0 0
1180.0 0
1190.0 0
1200.0 0
1210.0 0
1220.0 0
1230.0 0
1240.0 0
1250.0 0
1260.0 0
1270.0 0
1280.0 0
1290.0 0
1300.0 0
1310.0 0
1320.0 0
1330.0 0
1340.0 0
1350.0 0
1360.0 0
1370.0 0
1380.0 0
1390.0 0
1400.0 0
1410.0 0
1420.0 0
1430.0 0
1440.0 0
1450.0 0
1460.0 0
1470.0 0
1480.0 0
1490.0 0
