0.0 150
10.0 198
20.0 227
30.0 288
40.0 338
50.0 412
60.0 495
70.0 535
80.0 635
90.0 761
100.0 757
110.0 907
120.0 1018
130.0 1130
140.0 1242
150.0 1270
160.0 1251
170.0 1416
180.0 1423
190.0 1432
200.0 1480
210.0 1450
220.0 1492
230.0 1445
240.0 1382
250.0 1479
260.0 1403
270.0 1362
280.0 1433
290.0 1288
300.0 1381
310.0 1301
320.0 1368
330.0 1403
340.0 1351
350.0 1389
360.0 1484
370.0 1514
380.0 1573
390.0 1620
400.0 1691
410.0 1737
420.0 1862
430.0 1992
440.0 1906
450.0 2010
460.0 2060
470.0 2086
480.0 2044
490.0 2031
500.0 1962
510.0 1861
520.0 1757
530.0 1716
540.0 1534
550.0 1395
560.0 1242
570.0 1079
580.0 981
590.0 826
600.0 701
610.0 600
620.0 478
630.0 399
640.0 324
650.0 225
660.0 201
670.0 155
680.0 92
690.0 82
700.0 45
710.0 47
720.0 28
730.0 23
740.0 16
750.0 9
760.0 5
770.0 7
780.0 7
790.0 3
800.0 0
810.0 0
820.0 0
830.0 0
840.0 1
850.0 0
860.0 0
870.0 0
880.0 0
890.0 0
900.0 0
910.0 0
920.0 0
930.0 0
940.0 0
950.0 0
960.0 0
970.0 0
980.0 0
990.0 0
1000.0 0
1010.0 0
1020.0 0
1030.0 0
1040.0 0
1050.0 0
1060.0 0
1070.0 0
1080.0 0
1090.0 0
1100.0 0
1110.0 0
1120.0 0
1130.0 0
1140.0 0
1150.0 0
1160.0 0
1170.0 0
1180.0 0
1190.0 0
1200.0 0
1210.0 0
1220.0 0
1230.0 0
1240.0 0
1250.0 0
1260.0 0
1270.0 0
1280.0 0
1290.0 0
1300.0 0
1310.0 0
1320.0 0
1330.0 0
1340.0 0
1350.0 0
1360.0 0
1370.0 0
1380.0 0
1390.0 0
1400.0 0
1410.0 0
1420.0 0
1430.0 0
1440.0 0
1450.0 0
1460.0 0
1470.0 0
1480.0 0
1490.0 0
