0.0 21
10.0 23
20.0 31
30.0 32
40.0 36
50.0 41
60.0 59
70.0 71
80.0 78
90.0 105
100.0 123
110.0 133
120.0 167
130.0 174
140.0 201
150.0 240
160.0 259
170.0 309
180.0 341
190.0 364
200.0 421
210.0 429
220.0 455
230.0 500
240.0 503
250.0 519
260.0 606
270.0 652
280.0 703
290.0 658
300.0 688
310.0 708
320.0 716
330.0 712
340.0 732
350.0 753
360.0 738
370.0 746
380.0 797
390.0 779
400.0 797
410.0 792
420.0 795
430.0 752
440.0 779
450.0 766
460.0 837
470.0 826
480.0 782
490.0 848
500.0 859
510.0 977
520.0 937
530.0 938
540.0 935
550.0 980
560.0 1022
570.0 1118
580.0 1220
590.0 1232
600.0 1380
610.0 1431
620.0 1553
630.0 1683
640.0 1831
650.0 1997
660.0 2044
670.0 2162
680.0 2387
690.0 2461
700.0 2507
710.0 2601
720.0 2697
730.0 2647
740.0 2635
750.0 2508
760.0 2469
770.0 2315
780.0 2169
790.0 2007
800.0 1768
810.0 1644
820.0 1420
830.0 1206
840.0 1117
850.0 943
860.0 708
870.0 675
880.0 490
890.0 424
900.0 334
910.0 269
920.0 186
930.0 122
940.0 119
950.0 73
960.0 56
970.0 35
980.0 28
990.0 25
1000.0 11
1010.0 4
1020.0 2
1030.0 6
1040.0 4
1050.0 1
1060.0 0
1070.0 0
1080.0 2
1090.0 0
1100.0 0
1110.0 0
1120.0 0
1130.0 0
1140.0 0
1150.0 0
1160.0 0
1170.0 0
1180.0 0
1190.0 0
1200.0 0
1210.0 0
1220.0 0
1230.0 0
1240.0 0
1250.0 0
1260.0 0
1270.0 0
1280.0 0
1290.0 0
1300.0 0
1310.0 0
1320.0 0
1330.0 0
1340.0 0
1350.0 0
1360.0 0
1370.0 0
1380.0 0
1390.0 0
1400.0 0
1410.0 0
1420.0 0
1430.0 0
1440.0 0
1450.0 0
1460.0 0
1470.0 0
1480.0 0
1490.0 0
