0.0 107
10.0 124
20.0 159
30.0 199
40.0 244
50.0 311
60.0 374
70.0 388
80.0 480
90.0 495
100.0 604
110.0 634
120.0 737
130.0 849
140.0 912
150.0 958
160.0 1008
170.0 1040
180.0 1101
190.0 1152
200.0 1226
210.0 1291
220.0 1257
230.0 1255
240.0 1319
250.0 1315
260.0 1287
270.0 1301
280.0 1313
290.0 1228
300.0 1231
310.0 1252
320.0 1236
330.0 1288
340.0 1234
350.0 1317
360.0 1353
370.0 1350
380.0 1323
390.0 1352
400.0 1425
410.0 1431
420.0 1470
430.0 1492
440.0 1610
450.0 1720
460.0 1736
470.0 1778
480.0 1916
490.0 1863
500.0 1903
510.0 1938
520.0 1843
530.0 1869
540.0 1805
550.0 1681
560.0 1587
570.0 1545
580.0 1372
590.0 1294
600.0 1215
610.0 1028
620.0 938
630.0 772
640.0 649
650.0 550
660.0 494
670.0 391
680.0 328
690.0 249
700.0 177
710.0 137
720.0 125
730.0 75
740.0 71
750.0 37
760.0 29
770.0 17
780.0 21
790.0 14
800.0 7
810.0 4
820.0 4
830.0 0
840.0 0
850.0 0
860.0 0
870.0 0
880.0 0
890.0 0
900.0 0
910.0 0
920.0 0
930.0 0
940.0 0
950.0 0
960.0 0
970.0 0
980.0 0
990.0 0
1000.0 0
1010.0 0
1020.0 0
1030.0 0
1040.0 0
1050.0 0
1060.0 0
1070.0 0
1080.0 0
1090.0 0
1100.0 0
1110.0 0
1120.0 0
1130.0 0
1140.0 0
1150.0 0
1160.0 0
1170.0 0
1180.0 0
1190.0 0
1200.0 0
1210.0 0
1220.0 0
1230.0 0
1240.0 0
1250.0 0
1260.0 0
1270.0 0
1280.0 0
1290.0 0
1300.0 0
1310.0 0
1320.0 0
1330.0 0
1340.0 0
1350.0 0
1360.0 0
1370.0 0
1380.0 0
1390.0 0
1400.0 0
1410.0 0
1420.0 0
1430.0 0
1440.0 0
1450.0 0
1460.0 0
1470.0 0
1480.0 0
1490.0 0
