0.0 8
10.0 19
20.0 20
30.0 23
40.0 24
50.0 36
60.0 39
70.0 44
80.0 57
90.0 62
100.0 61
110.0 79
120.0 97
130.0 98
140.0 110
150.0 137
160.0 157
170.0 176
180.0 176
190.0 211
200.0 257
210.0 278
220.0 300
230.0 337
240.0 368
250.0 372
260.0 438
270.0 478
280.0 469
290.0 498
300.0 498
310.0 509
320.0 580
330.0 577
340.0 607
350.0 597
360.0 641
370.0 651
380.0 639
390.0 688
400.0 658
410.0 717
420.0 694
430.0 747
440.0 792
450.0 801
460.0 781
470.0 804
480.0 808
490.0 748
500.0 842
510.0 852
520.0 763
530.0 820
540.0 899
550.0 877
560.0 883
570.0 933
580.0 873
590.0 917
600.0 889
610.0 984
620.0 990
630.0 997
640.0 1074
650.0 1157
660.0 1119
670.0 1256
680.0 1298
690.0 1399
700.0 1472
710.0 1563
720.0 1693
730.0 1715
740.0 1985
750.0 1987
760.0 2040
770.0 2215
780.0 2349
790.0 2452
800.0 2535
810.0 2530
820.0 2545
830.0 2528
840.0 2487
850.0 2362
860.0 2353
870.0 2111
880.0 1955
890.0 1875
900.0 1637
910.0 1542
920.0 1277
930.0 1167
940.0 988
950.0 816
960.0 651
970.0 517
980.0 411
990.0 336
1000.0 289
1010.0 216
1020.0 176
1030.0 130
1040.0 103
1050.0 72
1060.0 50
1070.0 44
1080.0 29
1090.0 13
1100.0 9
1110.0 7
1120.0 7
1130.0 9
1140.0 0
1150.0 1
1160.0 1
1170.0 0
1180.0 0
1190.0 0
1200.0 0
1210.0 0
1220.0 0
1230.0 0
1240.0 0
1250.0 0
1260.0 0
1270.0 0
1280.0 0
1290.0 0
1300.0 0
1310.0 0
1320.0 0
1330.0 0
1340.0 0
1350.0 0
1360.0 0
1370.0 0
1380.0 0
1390.0 0
1400.0 0
1410.0 0
1420.0 0
1430.0 0
1440.0 0
1450.0 0
1460.0 0
1470.0 0
1480.0 0
1490.0 0
