0.0 29
10.0 52
20.0 66
30.0 81
40.0 94
50.0 109
60.0 138
70.0 139
80.0 193
90.0 215
100.0 234
110.0 267
120.0 313
130.0 375
140.0 427
150.0 448
160.0 550
170.0 539
180.0 673
190.0 673
200.0 689
210.0 742
220.0 812
230.0 835
240.0 841
250.0 891
260.0 938
270.0 898
280.0 958
290.0 948
300.0 1024
310.0 902
320.0 984
330.0 988
340.0 930
350.0 914
360.0 954
370.0 899
380.0 987
390.0 977
400.0 956
410.0 984
420.0 952
430.0 942
440.0 1029
450.0 1066
460.0 1047
470.0 1117
480.0 1199
490.0 1226
500.0 1304
510.0 1423
520.0 1532
530.0 1655
540.0 1689
550.0 1863
560.0 1924
570.0 2123
580.0 2179
590.0 2267
600.0 2345
610.0 2336
620.0 2462
630.0 2363
640.0 2332
650.0 2237
660.0 2174
670.0 2069
680.0 1969
690.0 1760
700.0 1620
710.0 1433
720.0 1255
730.0 1088
740.0 951
750.0 777
760.0 700
770.0 580
780.0 429
790.0 380
800.0 279
810.0 234
820.0 182
830.0 113
840.0 96
850.0 88
860.0 63
870.0 37
880.0 28
890.0 13
900.0 13
910.0 7
920.0 4
930.0 4
940.0 2
950.0 0
960.0 1
970.0 1
980.0 0
990.0 0
1000.0 0
1010.0 0
1020.0 0
1030.0 0
1040.0 0
1050.0 0
1060.0 0
1070.0 0
1080.0 0
1090.0 0
1100.0 0
1110.0 0
1120.0 0
1130.0 0
1140.0 0
1150.0 0
1160.0 0
1170.0 0
1180.0 0
1190.0 0
1200.0 0
1210.0 0
1220.0 0
1230.0 0
1240.0 0
1250.0 0
1260.0 0
1270.0 0
1280.0 0
1290.0 0
1300.0 0
1310.0 0
1320.0 0
1330.0 0
1340.0 0
1350.0 0
1360.0 0
1370.0 0
1380.0 0
1390.0 0
1400.0 0
1410.0 0
1420.0 0
1430.0 0
1440.0 0
1450.0 0
1460.0 0
1470.0 0
1480.0 0
1490.0 0
