0.0 49
10.0 50
20.0 66
30.0 87
40.0 105
50.0 103
60.0 141
70.0 183
80.0 210
90.0 257
100.0 300
110.0 312
120.0 343
130.0 398
140.0 461
150.0 520
160.0 563
170.0 640
180.0 659
190.0 726
200.0 703
210.0 769
220.0 787
230.0 872
240.0 895
250.0 894
260.0 950
270.0 962
280.0 1001
290.0 1038
300.0 1035
310.0 967
320.0 1009
330.0 1008
340.0 943
350.0 991
360.0 999
370.0 1001
380.0 1023
390.0 1033
400.0 976
410.0 1094
420.0 1058
430.0 1054
440.0 1082
450.0 1146
460.0 1175
470.0 1177
480.0 1338
490.0 1364
500.0 1440
510.0 1492
520.0 1599
530.0 1637
540.0 1788
550.0 1812
560.0 1926
570.0 2046
580.0 2162
590.0 2150
600.0 2262
610.0 2248
620.0 2295
630.0 2258
640.0 2108
650.0 2116
660.0 2016
670.0 1867
680.0 1756
690.0 1695
700.0 1465
710.0 1309
720.0 1148
730.0 1043
740.0 851
750.0 754
760.0 584
770.0 522
780.0 411
790.0 325
800.0 251
810.0 205
820.0 159
830.0 117
840.0 87
850.0 62
860.0 47
870.0 28
880.0 14
890.0 11
900.0 8
910.0 7
920.0 6
930.0 3
940.0 2
950.0 1
960.0 0
970.0 1
980.0 1
990.0 1
1000.0 0
1010.0 0
1020.0 0
1030.0 0
1040.0 0
1050.0 0
1060.0 0
1070.0 0
1080.0 0
1090.0 0
1100.0 0
1110.0 0
1120.0 0
1130.0 0
1140.0 0
1150.0 0
1160.0 0
1170.0 0
1180.0 0
1190.0 0
1200.0 0
1210.0 0
1220.0 0
1230.0 0
1240.0 0
1250.0 0
1260.0 0
1270.0 0
1280.0 0
1290.0 0
1300.0 0
1310.0 0
1320.0 0
1330.0 0
1340.0 0
1350.0 0
1360.0 0
1370.0 0
1380.0 0
1390.0 0
1400.0 0
1410.0 0
1420.0 0
1430.0 0
1440.0 0
1450.0 0
1460.0 0
1470.0 0
1480.0 0
1490.0 0
