0.0 8
10.0 15
20.0 19
30.0 30
40.0 36
50.0 26
60.0 40
70.0 40
80.0 41
90.0 46
100.0 83
110.0 98
120.0 98
130.0 124
140.0 143
150.0 162
160.0 168
170.0 198
180.0 221
190.0 239
200.0 271
210.0 321
220.0 346
230.0 395
240.0 389
250.0 472
260.0 400
270.0 478
280.0 508
290.0 558
300.0 587
310.0 563
320.0 602
330.0 610
340.0 594
350.0 594
360.0 660
370.0 640
380.0 642
390.0 663
400.0 680
410.0 649
420.0 677
430.0 700
440.0 651
450.0 702
460.0 704
470.0 671
480.0 666
490.0 698
500.0 673
510.0 709
520.0 722
530.0 723
540.0 734
550.0 770
560.0 782
570.0 785
580.0 819
590.0 846
600.0 898
610.0 975
620.0 996
630.0 1060
640.0 1207
650.0 1320
660.0 1477
670.0 1572
680.0 1713
690.0 1808
700.0 2051
710.0 2209
720.0 2293
730.0 2449
740.0 2592
750.0 2651
760.0 2845
770.0 2801
780.0 2875
790.0 2901
800.0 2795
810.0 2620
820.0 2440
830.0 2399
840.0 2284
850.0 2026
860.0 1791
870.0 1606
880.0 1347
890.0 1243
900.0 1075
910.0 830
920.0 698
930.0 572
940.0 446
950.0 343
960.0 268
970.0 202
980.0 170
990.0 111
1000.0 88
1010.0 63
1020.0 54
1030.0 35
1040.0 15
1050.0 15
1060.0 8
1070.0 4
1080.0 2
1090.0 2
1100.0 3
1110.0 0
1120.0 1
1130.0 0
1140.0 0
1150.0 0
1160.0 0
1170.0 0
1180.0 0
1190.0 0
1200.0 0
1210.0 0
1220.0 0
1230.0 0
1240.0 0
1250.0 0
1260.0 0
1270.0 0
1280.0 0
1290.0 0
1300.0 0
1310.0 0
1320.0 0
1330.0 0
1340.0 0
1350.0 0
1360.0 0
1370.0 0
1380.0 0
1390.0 0
1400.0 0
1410.0 0
1420.0 0
1430.0 0
1440.0 0
1450.0 0
1460.0 0
1470.0 0
1480.0 0
1490.0 0
