0.0 48
10.0 69
20.0 57
30.0 103
40.0 106
50.0 148
60.0 159
70.0 173
80.0 212
90.0 241
100.0 313
110.0 345
120.0 402
130.0 392
140.0 493
150.0 496
160.0 575
170.0 583
180.0 657
190.0 740
200.0 759
210.0 796
220.0 809
230.0 933
240.0 911
250.0 948
260.0 956
270.0 973
280.0 1053
290.0 973
300.0 981
310.0 1042
320.0 1050
330.0 1065
340.0 1018
350.0 1015
360.0 1030
370.0 1108
380.0 1080
390.0 1079
400.0 1104
410.0 1069
420.0 1127
430.0 1141
440.0 1142
450.0 1191
460.0 1171
470.0 1203
480.0 1322
490.0 1415
500.0 1417
510.0 1481
520.0 1589
530.0 1684
540.0 1756
550.0 1815
560.0 1905
570.0 1997
580.0 2072
590.0 2141
600.0 2153
610.0 2195
620.0 2200
630.0 2188
640.0 2170
650.0 1990
660.0 1981
670.0 1880
680.0 1684
690.0 1569
700.0 1423
710.0 1283
720.0 1102
730.0 965
740.0 830
750.0 700
760.0 581
770.0 460
780.0 400
790.0 290
800.0 234
810.0 177
820.0 150
830.0 108
840.0 61
850.0 57
860.0 42
870.0 28
880.0 22
890.0 13
900.0 11
910.0 2
920.0 6
930.0 4
940.0 2
950.0 1
960.0 1
970.0 0
980.0 0
990.0 0
1000.0 0
1010.0 0
1020.0 0
1030.0 0
1040.0 0
1050.0 0
1060.0 0
1070.0 0
1080.0 0
1090.0 0
1100.0 0
1110.0 0
1120.0 0
1130.0 0
1140.0 0
1150.0 0
1160.0 0
1170.0 0
1180.0 0
1190.0 0
1200.0 0
1210.0 0
1220.0 0
1230.0 0
1240.0 0
1250.0 0
1260.0 0
1270.0 0
1280.0 0
1290.0 0
1300.0 0
1310.0 0
1320.0 0
1330.0 0
1340.0 0
1350.0 0
1360.0 0
1370.0 0
1380.0 0
1390.0 0
1400.0 0
1410.0 0
1420.0 0
1430.0 0
1440.0 0
1450.0 0
1460.0 0
1470.0 0
1480.0 0
1490.0 0
