0.0 16
10.0 14
20.0 20
30.0 29
40.0 33
50.0 36
60.0 53
70.0 62
80.0 56
90.0 62
100.0 102
110.0 105
120.0 137
130.0 175
140.0 158
150.0 210
160.0 216
170.0 254
180.0 268
190.0 306
200.0 323
210.0 371
220.0 355
230.0 428
240.0 461
250.0 533
260.0 506
270.0 538
280.0 610
290.0 616
300.0 604
310.0 666
320.0 633
330.0 649
340.0 713
350.0 748
360.0 751
370.0 795
380.0 765
390.0 794
400.0 740
410.0 821
420.0 768
430.0 880
440.0 803
450.0 868
460.0 859
470.0 845
480.0 875
490.0 909
500.0 918
510.0 937
520.0 913
530.0 912
540.0 985
550.0 946
560.0 994
570.0 1057
580.0 1062
590.0 1077
600.0 1138
610.0 1165
620.0 1195
630.0 1278
640.0 1411
650.0 1461
660.0 1589
670.0 1645
680.0 1764
690.0 1850
700.0 2047
710.0 2047
720.0 2134
730.0 2309
740.0 2392
750.0 2460
760.0 2461
770.0 2534
780.0 2418
790.0 2421
800.0 2303
810.0 2240
820.0 2077
830.0 2005
840.0 1779
850.0 1627
860.0 1457
870.0 1226
880.0 1121
890.0 944
900.0 807
910.0 665
920.0 523
930.0 468
940.0 308
950.0 299
960.0 224
970.0 165
980.0 107
990.0 109
1000.0 81
1010.0 47
1020.0 37
1030.0 12
1040.0 12
1050.0 10
1060.0 10
1070.0 3
1080.0 0
1090.0 0
1100.0 1
1110.0 0
1120.0 1
1130.0 0
1140.0 0
1150.0 0
1160.0 0
1170.0 0
1180.0 0
1190.0 0
1200.0 0
1210.0 0
1220.0 0
1230.0 0
1240.0 0
1250.0 0
1260.0 0
1270.0 0
1280.0 0
1290.0 0
1300.0 0
1310.0 0
1320.0 0
1330.0 0
1340.0 0
1350.0 0
1360.0 0
1370.0 0
1380.0 0
1390.0 0
1400.0 0
1410.0 0
1420.0 0
1430.0 0
1440.0 0
1450.0 0
1460.0 0
1470.0 0
1480.0 0
1490.0 0
