0.0 243
10.0 249
20.0 273
30.0 374
40.0 441
50.0 503
60.0 589
70.0 638
80.0 785
90.0 831
100.0 957
110.0 951
120.0 1089
130.0 1196
140.0 1273
150.0 1391
160.0 1418
170.0 1518
180.0 1524
190.0 1492
200.0 1558
210.0 1607
220.0 1612
230.0 1634
240.0 1524
250.0 1519
260.0 1580
270.0 1525
280.0 1604
290.0 1530
300.0 1598
310.0 1529
320.0 1464
330.0 1549
340.0 1514
350.0 1577
360.0 1604
370.0 1551
380.0 1689
390.0 1718
400.0 1693
410.0 1786
420.0 1711
430.0 1926
440.0 1837
450.0 1904
460.0 1833
470.0 1806
480.0 1792
490.0 1725
500.0 1664
510.0 1584
520.0 1504
530.0 1357
540.0 1281
550.0 1124
560.0 964
570.0 838
580.0 737
590.0 656
600.0 515
610.0 443
620.0 394
630.0 299
640.0 207
650.0 175
660.0 118
670.0 111
680.0 91
690.0 66
700.0 44
710.0 39
720.0 21
730.0 22
740.0 6
750.0 6
760.0 2
770.0 3
780.0 1
790.0 2
800.0 1
810.0 0
820.0 0
830.0 0
840.0 0
850.0 0
860.0 0
870.0 0
880.0 0
890.0 0
900.0 0
910.0 0
920.0 0
930.0 0
940.0 0
950.0 0
960.0 0
970.0 0
980.0 0
990.0 0
1000.0 0
1010.0 0
1020.0 0
1030.0 0
1040.0 0
1050.0 0
1060.0 0
1070.0 0
1080.0 0
1090.0 0
1100.0 0
1110.0 0
1120.0 0
1130.0 0
1140.0 0
1150.0 0
1160.0 0
1170.0 0
1180.0 0
1190.0 0
1200.0 0
1210.0 0
1220.0 0
1230.0 0
1240.0 0
1250.0 0
1260.0 0
1270.0 0
1280.0 0
1290.0 0
1300.0 0
1310.0 0
1320.0 0
1330.0 0
1340.0 0
1350.0 0
1360.0 0
1370.0 0
1380.0 0
1390.0 0
1400.0 0
1410.0 0
1420.0 0
1430.0 0
1440.0 0
1450.0 0
1460.0 0
1470.0 0
1480.0 0
1490.0 0
