0.0 33
10.0 34
20.0 55
30.0 61
40.0 78
50.0 82
60.0 92
70.0 131
80.0 158
90.0 180
100.0 195
110.0 237
120.0 253
130.0 299
140.0 307
150.0 406
160.0 418
170.0 462
180.0 498
190.0 544
200.0 617
210.0 605
220.0 642
230.0 694
240.0 727
250.0 789
260.0 807
270.0 847
280.0 868
290.0 870
300.0 858
310.0 921
320.0 886
330.0 959
340.0 928
350.0 952
360.0 1000
370.0 975
380.0 923
390.0 946
400.0 963
410.0 998
420.0 981
430.0 1018
440.0 1043
450.0 1045
460.0 1029
470.0 1099
480.0 1102
490.0 1055
500.0 1119
510.0 1138
520.0 1205
530.0 1256
540.0 1366
550.0 1486
560.0 1552
570.0 1645
580.0 1727
590.0 1810
600.0 1948
610.0 1932
620.0 2138
630.0 2146
640.0 2260
650.0 2351
660.0 2324
670.0 2358
680.0 2259
690.0 2219
700.0 2214
710.0 2055
720.0 1998
730.0 1817
740.0 1564
750.0 1566
760.0 1438
770.0 1158
780.0 990
790.0 892
800.0 743
810.0 563
820.0 487
830.0 386
840.0 330
850.0 251
860.0 186
870.0 154
880.0 100
890.0 82
900.0 58
910.0 36
920.0 33
930.0 14
940.0 17
950.0 9
960.0 6
970.0 2
980.0 1
990.0 2
1000.0 0
1010.0 0
1020.0 0
1030.0 0
1040.0 0
1050.0 0
1060.0 0
1070.0 0
1080.0 0
1090.0 0
1100.0 0
1110.0 0
1120.0 0
1130.0 0
1140.0 0
1150.0 0
1160.0 0
1170.0 0
1180.0 0
1190.0 0
1200.0 0
1210.0 0
1220.0 0
1230.0 0
1240.0 0
1250.0 0
1260.0 0
1270.0 0
1280.0 0
1290.0 0
1300.0 0
1310.0 0
1320.0 0
1330.0 0
1340.0 0
1350.0 0
1360.0 0
1370.0 0
1380.0 0
1390.0 0
1400.0 0
1410.0 0
1420.0 0
1430.0 0
1440.0 0
1450.0 0
1460.0 0
1470.0 0
1480.0 0
1490.0 0
