0.0 27
10.0 43
20.0 52
30.0 56
40.0 72
50.0 87
60.0 117
70.0 145
80.0 138
90.0 172
100.0 213
110.0 246
120.0 284
130.0 296
140.0 318
150.0 370
160.0 422
170.0 456
180.0 513
190.0 545
200.0 606
210.0 603
220.0 736
230.0 734
240.0 741
250.0 759
260.0 760
270.0 821
280.0 844
290.0 887
300.0 837
310.0 932
320.0 952
330.0 887
340.0 878
350.0 920
360.0 934
370.0 1003
380.0 975
390.0 977
400.0 977
410.0 1003
420.0 996
430.0 993
440.0 1059
450.0 1034
460.0 1034
470.0 1127
480.0 1133
490.0 1087
500.0 1144
510.0 1210
520.0 1235
530.0 1225
540.0 1375
550.0 1419
560.0 1488
570.0 1618
580.0 1715
590.0 1753
600.0 1908
610.0 2036
620.0 2069
630.0 2194
640.0 2194
650.0 2307
660.0 2285
670.0 2238
680.0 2332
690.0 2263
700.0 2206
710.0 2029
720.0 1951
730.0 1853
740.0 1660
750.0 1530
760.0 1396
770.0 1155
780.0 1040
790.0 864
800.0 730
810.0 579
820.0 513
830.0 416
840.0 335
850.0 245
860.0 206
870.0 139
880.0 104
890.0 89
900.0 64
910.0 45
920.0 33
930.0 22
940.0 16
950.0 10
960.0 8
970.0 0
980.0 1
990.0 3
1000.0 1
1010.0 0
1020.0 0
1030.0 0
1040.0 0
1050.0 0
1060.0 1
1070.0 0
1080.0 0
1090.0 0
1100.0 0
1110.0 0
1120.0 0
1130.0 0
1140.0 0
1150.0 0
1160.0 0
1170.0 0
1180.0 0
1190.0 0
1200.0 0
1210.0 0
1220.0 0
1230.0 0
1240.0 0
1250.0 0
1260.0 0
1270.0 0
1280.0 0
1290.0 0
1300.0 0
1310.0 0
1320.0 0
1330.0 0
1340.0 0
1350.0 0
1360.0 0
1370.0 0
1380.0 0
1390.0 0
1400.0 0
1410.0 0
1420.0 0
1430.0 0
1440.0 0
1450.0 0
1460.0 0
1470.0 0
1480.0 0
1490.0 0
