0.0 15
10.0 19
20.0 26
30.0 31
40.0 53
50.0 47
60.0 48
70.0 62
80.0 84
90.0 109
100.0 127
110.0 124
120.0 162
130.0 178
140.0 207
150.0 249
160.0 255
170.0 317
180.0 305
190.0 339
200.0 433
210.0 456
220.0 438
230.0 494
240.0 515
250.0 546
260.0 633
270.0 651
280.0 622
290.0 670
300.0 715
310.0 703
320.0 757
330.0 759
340.0 756
350.0 789
360.0 744
370.0 731
380.0 762
390.0 787
400.0 773
410.0 753
420.0 817
430.0 757
440.0 865
450.0 839
460.0 791
470.0 853
480.0 803
490.0 788
500.0 911
510.0 832
520.0 910
530.0 899
540.0 1008
550.0 997
560.0 980
570.0 1073
580.0 1203
590.0 1319
600.0 1360
610.0 1472
620.0 1629
630.0 1740
640.0 1824
650.0 1981
660.0 2056
670.0 2253
680.0 2341
690.0 2353
700.0 2544
710.0 2639
720.0 2573
730.0 2629
740.0 2530
750.0 2659
760.0 2396
770.0 2194
780.0 2162
790.0 2018
800.0 1828
810.0 1627
820.0 1477
830.0 1277
840.0 1074
850.0 890
860.0 759
870.0 665
880.0 480
890.0 369
900.0 325
910.0 257
920.0 183
930.0 146
940.0 108
950.0 92
960.0 58
970.0 52
980.0 30
990.0 17
1000.0 12
1010.0 3
1020.0 1
1030.0 3
1040.0 2
1050.0 1
1060.0 2
1070.0 0
1080.0 0
1090.0 0
1100.0 0
1110.0 0
1120.0 0
1130.0 0
1140.0 0
1150.0 0
1160.0 0
1170.0 0
1180.0 0
1190.0 0
1200.0 0
1210.0 0
1220.0 0
1230.0 0
1240.0 0
1250.0 0
1260.0 0
1270.0 0
1280.0 0
1290.0 0
1300.0 0
1310.0 0
1320.0 0
1330.0 0
1340.0 0
1350.0 0
1360.0 0
1370.0 0
1380.0 0
1390.0 0
1400.0 0
1410.0 0
1420.0 0
1430.0 0
1440.0 0
1450.0 0
1460.0 0
1470.0 0
1480.0 0
1490.0 0
