0.0 11
10.0 7
20.0 14
30.0 10
40.0 6
50.0 16
60.0 21
70.0 20
80.0 27
90.0 21
100.0 32
110.0 31
120.0 43
130.0 47
140.0 54
150.0 60
160.0 83
170.0 89
180.0 86
190.0 120
200.0 114
210.0 140
220.0 163
230.0 191
240.0 210
250.0 246
260.0 232
270.0 257
280.0 282
290.0 305
300.0 315
310.0 336
320.0 346
330.0 408
340.0 411
350.0 419
360.0 471
370.0 492
380.0 436
390.0 486
400.0 473
410.0 468
420.0 479
430.0 483
440.0 478
450.0 532
460.0 506
470.0 522
480.0 497
490.0 510
500.0 513
510.0 481
520.0 491
530.0 510
540.0 505
550.0 480
560.0 490
570.0 480
580.0 521
590.0 492
600.0 541
610.0 501
620.0 504
630.0 566
640.0 560
650.0 570
660.0 654
670.0 633
680.0 663
690.0 707
700.0 808
710.0 799
720.0 918
730.0 991
740.0 1081
750.0 1262
760.0 1308
770.0 1602
780.0 1613
790.0 1796
800.0 2170
810.0 2236
820.0 2510
830.0 2706
840.0 2843
850.0 3001
860.0 3080
870.0 3155
880.0 3149
890.0 3222
900.0 3173
910.0 3140
920.0 2855
930.0 2774
940.0 2611
950.0 2311
960.0 2150
970.0 1879
980.0 1713
990.0 1393
1000.0 1242
1010.0 1009
1020.0 804
1030.0 724
1040.0 562
1050.0 422
1060.0 335
1070.0 279
1080.0 198
1090.0 149
1100.0 99
1110.0 68
1120.0 45
1130.0 34
1140.0 29
1150.0 15
1160.0 15
1170.0 12
1180.0 2
1190.0 3
1200.0 1
1210.0 1
1220.0 0
1230.0 1
1240.0 0
1250.0 0
1260.0 0
1270.0 0
1280.0 0
1290.0 0
1300.0 0
1310.0 0
1320.0 0
1330.0 0
1340.0 0
1350.0 0
1360.0 0
1370.0 0
1380.0 0
1390.0 0
1400.0 0
1410.0 0
1420.0 0
1430.0 0
1440.0 0
1450.0 0
1460.0 0
1470.0 0
1480.0 0
1490.0 0
