0.0 17
10.0 18
20.0 20
30.0 35
40.0 46
50.0 35
60.0 52
70.0 58
80.0 86
90.0 94
100.0 112
110.0 115
120.0 186
130.0 157
140.0 185
150.0 233
160.0 221
170.0 284
180.0 323
190.0 367
200.0 359
210.0 434
220.0 455
230.0 503
240.0 529
250.0 570
260.0 569
270.0 620
280.0 649
290.0 645
300.0 691
310.0 684
320.0 671
330.0 695
340.0 694
350.0 752
360.0 722
370.0 740
380.0 689
390.0 731
400.0 725
410.0 708
420.0 743
430.0 697
440.0 723
450.0 754
460.0 766
470.0 772
480.0 763
490.0 789
500.0 757
510.0 790
520.0 819
530.0 864
540.0 922
550.0 939
560.0 997
570.0 1070
580.0 1086
590.0 1236
600.0 1392
610.0 1417
620.0 1461
630.0 1642
640.0 1826
650.0 1901
660.0 2047
670.0 2263
680.0 2424
690.0 2532
700.0 2609
710.0 2670
720.0 2729
730.0 2755
740.0 2695
750.0 2717
760.0 2525
770.0 2455
780.0 2325
790.0 2044
800.0 1985
810.0 1735
820.0 1549
830.0 1353
840.0 1157
850.0 973
860.0 818
870.0 697
880.0 548
890.0 417
900.0 349
910.0 272
920.0 218
930.0 167
940.0 115
950.0 75
960.0 49
970.0 40
980.0 24
990.0 20
1000.0 13
1010.0 10
1020.0 3
1030.0 2
1040.0 1
1050.0 1
1060.0 2
1070.0 1
1080.0 0
1090.0 0
1100.0 0
1110.0 0
1120.0 0
1130.0 0
1140.0 0
1150.0 0
1160.0 0
1170.0 0
1180.0 0
1190.0 0
1200.0 0
1210.0 0
1220.0 0
1230.0 0
1240.0 0
1250.0 0
1260.0 0
1270.0 0
1280.0 0
1290.0 0
1300.0 0
1310.0 0
1320.0 0
1330.0 0
1340.0 0
1350.0 0
1360.0 0
1370.0 0
1380.0 0
1390.0 0
1400.0 0
1410.0 0
1420.0 0
1430.0 0
1440.0 0
1450.0 0
1460.0 0
1470.0 0
1480.0 0
1490.0 0
