0.0 15
10.0 6
20.0 14
30.0 12
40.0 14
50.0 21
60.0 22
70.0 27
80.0 38
90.0 32
100.0 29
110.0 51
120.0 44
130.0 71
140.0 97
150.0 89
160.0 100
170.0 134
180.0 153
190.0 162
200.0 193
210.0 209
220.0 216
230.0 271
240.0 277
250.0 303
260.0 353
270.0 368
280.0 410
290.0 434
300.0 430
310.0 469
320.0 464
330.0 484
340.0 543
350.0 526
360.0 495
370.0 547
380.0 505
390.0 576
400.0 588
410.0 541
420.0 500
430.0 563
440.0 570
450.0 520
460.0 527
470.0 524
480.0 515
490.0 529
500.0 531
510.0 576
520.0 559
530.0 492
540.0 533
550.0 578
560.0 537
570.0 569
580.0 576
590.0 501
600.0 613
610.0 587
620.0 661
630.0 690
640.0 698
650.0 733
660.0 820
670.0 925
680.0 1000
690.0 1149
700.0 1262
710.0 1423
720.0 1568
730.0 1688
740.0 1815
750.0 2012
760.0 2185
770.0 2446
780.0 2626
790.0 2756
800.0 2896
810.0 3091
820.0 3051
830.0 3144
840.0 3126
850.0 3043
860.0 3043
870.0 2831
880.0 2622
890.0 2560
900.0 2287
910.0 2064
920.0 1759
930.0 1666
940.0 1306
950.0 1190
960.0 1000
970.0 815
980.0 676
990.0 504
1000.0 393
1010.0 341
1020.0 281
1030.0 190
1040.0 135
1050.0 111
1060.0 66
1070.0 53
1080.0 46
1090.0 28
1100.0 23
1110.0 7
1120.0 4
1130.0 8
1140.0 3
1150.0 0
1160.0 2
1170.0 3
1180.0 0
1190.0 0
1200.0 0
1210.0 0
1220.0 0
1230.0 0
1240.0 0
1250.0 0
1260.0 0
1270.0 0
1280.0 0
1290.0 0
1300.0 0
1310.0 0
1320.0 0
1330.0 0
1340.0 0
1350.0 0
1360.0 0
1370.0 0
1380.0 0
1390.0 0
1400.0 0
1410.0 0
1420.0 0
1430.0 0
1440.0 0
1450.0 0
1460.0 0
1470.0 0
1480.0 0
1490.0 0
