0.0 4
10.0 7
20.0 12
30.0 7
40.0 10
50.0 18
60.0 20
70.0 24
80.0 22
90.0 37
100.0 28
110.0 50
120.0 28
130.0 48
140.0 64
150.0 65
160.0 89
170.0 80
180.0 96
190.0 105
200.0 139
210.0 152
220.0 176
230.0 207
240.0 245
250.0 249
260.0 265
270.0 278
280.0 318
290.0 341
300.0 372
310.0 335
320.0 345
330.0 409
340.0 420
350.0 429
360.0 441
370.0 444
380.0 487
390.0 499
400.0 494
410.0 532
420.0 491
430.0 489
440.0 512
450.0 523
460.0 536
470.0 505
480.0 536
490.0 558
500.0 507
510.0 522
520.0 555
530.0 564
540.0 549
550.0 540
560.0 582
570.0 557
580.0 545
590.0 586
600.0 559
610.0 610
620.0 603
630.0 595
640.0 609
650.0 634
660.0 639
670.0 675
680.0 706
690.0 764
700.0 825
710.0 898
720.0 984
730.0 1071
740.0 1175
750.0 1236
760.0 1416
770.0 1490
780.0 1746
790.0 1904
800.0 2096
810.0 2340
820.0 2383
830.0 2588
840.0 2786
850.0 2993
860.0 3065
870.0 3176
880.0 3086
890.0 3038
900.0 3030
910.0 2821
920.0 2852
930.0 2649
940.0 2384
950.0 2233
960.0 1971
970.0 1752
980.0 1624
990.0 1325
1000.0 1233
1010.0 983
1020.0 801
1030.0 626
1040.0 506
1050.0 421
1060.0 342
1070.0 234
1080.0 179
1090.0 138
1100.0 94
1110.0 76
1120.0 44
1130.0 31
1140.0 23
1150.0 18
1160.0 10
1170.0 6
1180.0 1
1190.0 6
1200.0 2
1210.0 0
1220.0 1
1230.0 1
1240.0 1
1250.0 0
1260.0 0
1270.0 0
1280.0 0
1290.0 0
1300.0 0
1310.0 0
1320.0 0
1330.0 0
1340.0 0
1350.0 0
1360.0 0
1370.0 0
1380.0 0
1390.0 0
1400.0 0
1410.0 0
1420.0 0
1430.0 0
1440.0 0
1450.0 0
1460.0 0
1470.0 0
1480.0 0
1490.0 0
