0.0 16
10.0 21
20.0 31
30.0 30
40.0 30
50.0 47
60.0 44
70.0 70
80.0 74
90.0 90
100.0 103
110.0 114
120.0 130
130.0 149
140.0 197
150.0 219
160.0 246
170.0 299
180.0 293
190.0 342
200.0 398
210.0 390
220.0 471
230.0 502
240.0 500
250.0 534
260.0 606
270.0 633
280.0 667
290.0 658
300.0 681
310.0 697
320.0 725
330.0 674
340.0 728
350.0 710
360.0 706
370.0 689
380.0 681
390.0 724
400.0 705
410.0 761
420.0 726
430.0 739
440.0 721
450.0 749
460.0 749
470.0 762
480.0 774
490.0 763
500.0 768
510.0 821
520.0 859
530.0 851
540.0 893
550.0 922
560.0 980
570.0 991
580.0 1115
590.0 1195
600.0 1278
610.0 1395
620.0 1560
630.0 1681
640.0 1922
650.0 1904
660.0 2124
670.0 2297
680.0 2398
690.0 2538
700.0 2511
710.0 2680
720.0 2755
730.0 2845
740.0 2664
750.0 2598
760.0 2666
770.0 2422
780.0 2291
790.0 2073
800.0 1935
810.0 1777
820.0 1532
830.0 1337
840.0 1181
850.0 999
860.0 829
870.0 670
880.0 546
890.0 448
900.0 339
910.0 290
920.0 215
930.0 155
940.0 135
950.0 64
960.0 56
970.0 31
980.0 28
990.0 26
1000.0 15
1010.0 4
1020.0 3
1030.0 4
1040.0 3
1050.0 3
1060.0 1
1070.0 1
1080.0 2
1090.0 0
1100.0 0
1110.0 0
1120.0 1
1130.0 0
1140.0 0
1150.0 0
1160.0 0
1170.0 0
1180.0 0
1190.0 0
1200.0 0
1210.0 0
1220.0 0
1230.0 0
1240.0 0
1250.0 0
1260.0 0
1270.0 0
1280.0 0
1290.0 0
1300.0 0
1310.0 0
1320.0 0
1330.0 0
1340.0 0
1350.0 0
1360.0 0
1370.0 0
1380.0 0
1390.0 0
1400.0 0
1410.0 0
1420.0 0
1430.0 0
1440.0 0
1450.0 0
1460.0 0
1470.0 0
1480.0 0
1490.0 0
