0.0 75
10.0 70
20.0 76
30.0 101
40.0 140
50.0 163
60.0 196
70.0 208
80.0 276
90.0 299
100.0 351
110.0 423
120.0 475
130.0 533
140.0 564
150.0 586
160.0 717
170.0 767
180.0 768
190.0 867
200.0 864
210.0 924
220.0 997
230.0 1063
240.0 1013
250.0 1029
260.0 1043
270.0 1032
280.0 1070
290.0 1047
300.0 1055
310.0 1014
320.0 968
330.0 1027
340.0 1003
350.0 1033
360.0 1005
370.0 957
380.0 1021
390.0 1041
400.0 1006
410.0 1032
420.0 1061
430.0 1093
440.0 1272
450.0 1326
460.0 1391
470.0 1497
480.0 1479
490.0 1620
500.0 1798
510.0 1838
520.0 2020
530.0 2045
540.0 2095
550.0 2144
560.0 2287
570.0 2238
580.0 2227
590.0 2246
600.0 2191
610.0 2122
620.0 2025
630.0 1831
640.0 1797
650.0 1542
660.0 1391
670.0 1295
680.0 1142
690.0 941
700.0 814
710.0 664
720.0 530
730.0 461
740.0 364
750.0 300
760.0 224
770.0 160
780.0 117
790.0 70
800.0 59
810.0 42
820.0 37
830.0 37
840.0 10
850.0 13
860.0 7
870.0 3
880.0 2
890.0 3
900.0 1
910.0 0
920.0 1
930.0 1
940.0 0
950.0 1
960.0 0
970.0 0
980.0 0
990.0 0
1000.0 0
1010.0 0
1020.0 0
1030.0 0
1040.0 0
1050.0 0
1060.0 0
1070.0 0
1080.0 0
1090.0 0
1100.0 0
1110.0 0
1120.0 0
1130.0 0
1140.0 0
1150.0 0
1160.0 0
1170.0 0
1180.0 0
1190.0 0
1200.0 0
1210.0 0
1220.0 0
1230.0 0
1240.0 0
1250.0 0
1260.0 0
1270.0 0
1280.0 0
1290.0 0
1300.0 0
1310.0 0
1320.0 0
1330.0 0
1340.0 0
1350.0 0
1360.0 0
1370.0 0
1380.0 0
1390.0 0
1400.0 0
1410.0 0
1420.0 0
1430.0 0
1440.0 0
1450.0 0
1460.0 0
1470.0 0
1480.0 0
1490.0 0
