0.0 51
10.0 59
20.0 68
30.0 88
40.0 114
50.0 137
60.0 167
70.0 172
80.0 197
90.0 232
100.0 294
110.0 336
120.0 417
130.0 430
140.0 461
150.0 529
160.0 556
170.0 647
180.0 655
190.0 738
200.0 782
210.0 775
220.0 863
230.0 876
240.0 952
250.0 968
260.0 943
270.0 966
280.0 967
290.0 1024
300.0 1010
310.0 1018
320.0 981
330.0 1055
340.0 1015
350.0 1065
360.0 1100
370.0 1066
380.0 1073
390.0 1103
400.0 1037
410.0 1130
420.0 1115
430.0 1125
440.0 1141
450.0 1134
460.0 1270
470.0 1203
480.0 1298
490.0 1428
500.0 1453
510.0 1457
520.0 1585
530.0 1750
540.0 1766
550.0 1784
560.0 1924
570.0 2011
580.0 2165
590.0 2146
600.0 2182
610.0 2159
620.0 2180
630.0 2152
640.0 2077
650.0 2018
660.0 1921
670.0 1907
680.0 1712
690.0 1515
700.0 1391
710.0 1230
720.0 1089
730.0 989
740.0 784
750.0 705
760.0 589
770.0 488
780.0 391
790.0 294
800.0 221
810.0 214
820.0 141
830.0 117
840.0 88
850.0 49
860.0 42
870.0 34
880.0 20
890.0 9
900.0 12
910.0 7
920.0 5
930.0 5
940.0 1
950.0 2
960.0 0
970.0 0
980.0 0
990.0 0
1000.0 1
1010.0 0
1020.0 0
1030.0 0
1040.0 0
1050.0 0
1060.0 0
1070.0 0
1080.0 0
1090.0 0
1100.0 0
1110.0 0
1120.0 0
1130.0 0
1140.0 0
1150.0 0
1160.0 0
1170.0 0
1180.0 0
1190.0 0
1200.0 0
1210.0 0
1220.0 0
1230.0 0
1240.0 0
1250.0 0
1260.0 0
1270.0 0
1280.0 0
1290.0 0
1300.0 0
1310.0 0
1320.0 0
1330.0 0
1340.0 0
1350.0 0
1360.0 0
1370.0 0
1380.0 0
1390.0 0
1400.0 0
1410.0 0
1420.0 0
1430.0 0
1440.0 0
1450.0 0
1460.0 0
1470.0 0
1480.0 0
1490.0 0
