0.0 14
10.0 16
20.0 21
30.0 21
40.0 27
50.0 42
60.0 42
70.0 52
80.0 59
90.0 57
100.0 82
110.0 98
120.0 105
130.0 125
140.0 144
150.0 161
160.0 182
170.0 206
180.0 205
190.0 245
200.0 231
210.0 288
220.0 321
230.0 364
240.0 415
250.0 450
260.0 468
270.0 483
280.0 530
290.0 552
300.0 530
310.0 597
320.0 592
330.0 631
340.0 609
350.0 621
360.0 659
370.0 628
380.0 616
390.0 669
400.0 637
410.0 671
420.0 712
430.0 693
440.0 701
450.0 696
460.0 702
470.0 620
480.0 655
490.0 696
500.0 728
510.0 674
520.0 709
530.0 741
540.0 764
550.0 673
560.0 740
570.0 765
580.0 822
590.0 843
600.0 930
610.0 988
620.0 1005
630.0 1165
640.0 1216
650.0 1282
660.0 1450
670.0 1608
680.0 1713
690.0 1845
700.0 1955
710.0 2178
720.0 2253
730.0 2456
740.0 2583
750.0 2611
760.0 2881
770.0 2812
780.0 2813
790.0 2835
800.0 2764
810.0 2651
820.0 2632
830.0 2438
840.0 2204
850.0 2004
860.0 1808
870.0 1639
880.0 1427
890.0 1193
900.0 1014
910.0 879
920.0 719
930.0 549
940.0 484
950.0 389
960.0 239
970.0 205
980.0 163
990.0 122
1000.0 87
1010.0 49
1020.0 34
1030.0 26
1040.0 16
1050.0 11
1060.0 8
1070.0 4
1080.0 5
1090.0 1
1100.0 3
1110.0 0
1120.0 0
1130.0 0
1140.0 0
1150.0 0
1160.0 0
1170.0 1
1180.0 0
1190.0 0
1200.0 0
1210.0 0
1220.0 0
1230.0 0
1240.0 0
1250.0 0
1260.0 0
1270.0 0
1280.0 0
1290.0 0
1300.0 0
1310.0 0
1320.0 0
1330.0 0
1340.0 0
1350.0 0
1360.0 0
1370.0 0
1380.0 0
1390.0 0
1400.0 0
1410.0 0
1420.0 0
1430.0 0
1440.0 0
1450.0 0
1460.0 0
1470.0 0
1480.0 0
1490.0 0
