0.0 38
10.0 52
20.0 76
30.0 95
40.0 97
50.0 136
60.0 129
70.0 173
80.0 207
90.0 224
100.0 271
110.0 319
120.0 377
130.0 412
140.0 456
150.0 484
160.0 539
170.0 601
180.0 655
190.0 759
200.0 753
210.0 799
220.0 852
230.0 868
240.0 937
250.0 895
260.0 933
270.0 982
280.0 946
290.0 974
300.0 948
310.0 936
320.0 1001
330.0 1062
340.0 983
350.0 1018
360.0 982
370.0 998
380.0 1055
390.0 1004
400.0 1076
410.0 1040
420.0 1062
430.0 1050
440.0 1073
450.0 1097
460.0 1171
470.0 1256
480.0 1279
490.0 1307
500.0 1392
510.0 1480
520.0 1534
530.0 1655
540.0 1769
550.0 1847
560.0 1999
570.0 1988
580.0 2152
590.0 2165
600.0 2147
610.0 2281
620.0 2349
630.0 2301
640.0 2220
650.0 2207
660.0 2064
670.0 1874
680.0 1739
690.0 1639
700.0 1418
710.0 1327
720.0 1189
730.0 1009
740.0 843
750.0 735
760.0 589
770.0 515
780.0 414
790.0 336
800.0 257
810.0 184
820.0 154
830.0 116
840.0 83
850.0 76
860.0 38
870.0 20
880.0 24
890.0 12
900.0 12
910.0 9
920.0 4
930.0 3
940.0 2
950.0 1
960.0 2
970.0 0
980.0 2
990.0 0
1000.0 0
1010.0 0
1020.0 0
1030.0 0
1040.0 0
1050.0 0
1060.0 0
1070.0 0
1080.0 0
1090.0 0
1100.0 0
1110.0 0
1120.0 0
1130.0 0
1140.0 0
1150.0 0
1160.0 0
1170.0 0
1180.0 0
1190.0 0
1200.0 0
1210.0 0
1220.0 0
1230.0 0
1240.0 0
1250.0 0
1260.0 0
1270.0 0
1280.0 0
1290.0 0
1300.0 0
1310.0 0
1320.0 0
1330.0 0
1340.0 0
1350.0 0
1360.0 0
1370.0 0
1380.0 0
1390.0 0
1400.0 0
1410.0 0
1420.0 0
1430.0 0
1440.0 0
1450.0 0
1460.0 0
1470.0 0
1480.0 0
1490.0 0
