0.0 119
10.0 132
20.0 172
30.0 201
40.0 227
50.0 300
60.0 326
70.0 383
80.0 457
90.0 526
100.0 608
110.0 629
120.0 709
130.0 794
140.0 822
150.0 913
160.0 1006
170.0 1044
180.0 1069
190.0 1105
200.0 1194
210.0 1248
220.0 1251
230.0 1151
240.0 1297
250.0 1243
260.0 1225
270.0 1289
280.0 1276
290.0 1208
300.0 1338
310.0 1228
320.0 1198
330.0 1222
340.0 1204
350.0 1188
360.0 1319
370.0 1303
380.0 1284
390.0 1427
400.0 1398
410.0 1496
420.0 1436
430.0 1571
440.0 1567
450.0 1703
460.0 1764
470.0 1749
480.0 1883
490.0 1897
500.0 1937
510.0 1884
520.0 1904
530.0 1954
540.0 1824
550.0 1838
560.0 1676
570.0 1572
580.0 1465
590.0 1399
600.0 1192
610.0 1046
620.0 1002
630.0 871
640.0 750
650.0 587
660.0 501
670.0 400
680.0 330
690.0 239
700.0 201
710.0 160
720.0 141
730.0 82
740.0 64
750.0 44
760.0 29
770.0 28
780.0 17
790.0 7
800.0 9
810.0 6
820.0 2
830.0 3
840.0 0
850.0 1
860.0 0
870.0 1
880.0 0
890.0 0
900.0 0
910.0 0
920.0 0
930.0 0
940.0 0
950.0 0
960.0 0
970.0 0
980.0 0
990.0 0
1000.0 0
1010.0 0
1020.0 0
1030.0 0
1040.0 0
1050.0 0
1060.0 0
1070.0 0
1080.0 0
1090.0 0
1100.0 0
1110.0 0
1120.0 0
1130.0 0
1140.0 0
1150.0 0
1160.0 0
1170.0 0
1180.0 0
1190.0 0
1200.0 0
1210.0 0
1220.0 0
1230.0 0
1240.0 0
1250.0 0
1260.0 0
1270.0 0
1280.0 0
1290.0 0
1300.0 0
1310.0 0
1320.0 0
1330.0 0
1340.0 0
1350.0 0
1360.0 0
1370.0 0
1380.0 0
1390.0 0
1400.0 0
1410.0 0
1420.0 0
1430.0 0
1440.0 0
1450.0 0
1460.0 0
1470.0 0
1480.0 0
1490.0 0
