0.0 64
10.0 78
20.0 81
30.0 121
40.0 150
50.0 179
60.0 220
70.0 234
80.0 293
90.0 321
100.0 341
110.0 433
120.0 460
130.0 558
140.0 605
150.0 627
160.0 748
170.0 796
180.0 880
190.0 845
200.0 944
210.0 974
220.0 972
230.0 1004
240.0 937
250.0 993
260.0 1122
270.0 1076
280.0 1120
290.0 1072
300.0 1113
310.0 1073
320.0 1054
330.0 1010
340.0 1053
350.0 1006
360.0 1073
370.0 1062
380.0 1066
390.0 1039
400.0 1123
410.0 1166
420.0 1200
430.0 1231
440.0 1303
450.0 1274
460.0 1346
470.0 1462
480.0 1576
490.0 1724
500.0 1788
510.0 1895
520.0 1853
530.0 2091
540.0 2135
550.0 2218
560.0 2199
570.0 2153
580.0 2249
590.0 2141
600.0 2048
610.0 2010
620.0 1961
630.0 1807
640.0 1651
650.0 1492
660.0 1311
670.0 1158
680.0 999
690.0 911
700.0 747
710.0 581
720.0 544
730.0 349
740.0 286
750.0 274
760.0 197
770.0 133
780.0 102
790.0 94
800.0 43
810.0 37
820.0 25
830.0 21
840.0 12
850.0 10
860.0 7
870.0 8
880.0 6
890.0 1
900.0 0
910.0 0
920.0 0
930.0 2
940.0 0
950.0 0
960.0 0
970.0 0
980.0 0
990.0 0
1000.0 0
1010.0 0
1020.0 0
1030.0 0
1040.0 0
1050.0 0
1060.0 0
1070.0 0
1080.0 0
1090.0 0
1100.0 0
1110.0 0
1120.0 0
1130.0 0
1140.0 0
1150.0 0
1160.0 0
1170.0 0
1180.0 0
1190.0 0
1200.0 0
1210.0 0
1220.0 0
1230.0 0
1240.0 0
1250.0 0
1260.0 0
1270.0 0
1280.0 0
1290.0 0
1300.0 0
1310.0 0
1320.0 0
1330.0 0
1340.0 0
1350.0 0
1360.0 0
1370.0 0
1380.0 0
1390.0 0
1400.0 0
1410.0 0
1420.0 0
1430.0 0
1440.0 0
1450.0 0
1460.0 0
1470.0 0
1480.0 0
1490.0 0
