0.0 13
10.0 11
20.0 15
30.0 15
40.0 20
50.0 22
60.0 40
70.0 40
80.0 39
90.0 60
100.0 57
110.0 58
120.0 93
130.0 88
140.0 108
150.0 125
160.0 138
170.0 165
180.0 150
190.0 184
200.0 227
210.0 262
220.0 276
230.0 324
240.0 337
250.0 347
260.0 418
270.0 368
280.0 390
290.0 484
300.0 462
310.0 492
320.0 509
330.0 536
340.0 519
350.0 529
360.0 565
370.0 605
380.0 616
390.0 623
400.0 603
410.0 640
420.0 659
430.0 676
440.0 695
450.0 656
460.0 700
470.0 674
480.0 740
490.0 689
500.0 711
510.0 676
520.0 717
530.0 711
540.0 764
550.0 758
560.0 770
570.0 794
580.0 770
590.0 745
600.0 829
610.0 760
620.0 829
630.0 832
640.0 924
650.0 919
660.0 1070
670.0 1097
680.0 1174
690.0 1287
700.0 1342
710.0 1450
720.0 1592
730.0 1687
740.0 1920
750.0 2039
760.0 2109
770.0 2369
780.0 2450
790.0 2586
800.0 2670
810.0 2763
820.0 2752
830.0 2805
840.0 2729
850.0 2634
860.0 2578
870.0 2494
880.0 2239
890.0 2194
900.0 1941
910.0 1696
920.0 1557
930.0 1331
940.0 1081
950.0 996
960.0 828
970.0 667
980.0 560
990.0 442
1000.0 345
1010.0 266
1020.0 204
1030.0 170
1040.0 109
1050.0 72
1060.0 54
1070.0 38
1080.0 20
1090.0 21
1100.0 23
1110.0 8
1120.0 6
1130.0 1
1140.0 6
1150.0 0
1160.0 2
1170.0 1
1180.0 0
1190.0 0
1200.0 0
1210.0 0
1220.0 0
1230.0 0
1240.0 0
1250.0 0
1260.0 0
1270.0 0
1280.0 0
1290.0 0
1300.0 0
1310.0 0
1320.0 0
1330.0 0
1340.0 0
1350.0 0
1360.0 0
1370.0 0
1380.0 0
1390.0 0
1400.0 0
1410.0 0
1420.0 0
1430.0 0
1440.0 0
1450.0 0
1460.0 0
1470.0 0
1480.0 0
1490.0 0
