0.0 87
10.0 104
20.0 133
30.0 155
40.0 202
50.0 233
60.0 280
70.0 335
80.0 376
90.0 418
100.0 491
110.0 552
120.0 605
130.0 665
140.0 808
150.0 855
160.0 954
170.0 916
180.0 1006
190.0 1039
200.0 1111
210.0 1131
220.0 1191
230.0 1180
240.0 1176
250.0 1193
260.0 1170
270.0 1128
280.0 1175
290.0 1105
300.0 1151
310.0 1074
320.0 1061
330.0 1092
340.0 1001
350.0 1069
360.0 1083
370.0 1183
380.0 1158
390.0 1211
400.0 1277
410.0 1305
420.0 1405
430.0 1483
440.0 1646
450.0 1628
460.0 1687
470.0 1875
480.0 1916
490.0 2065
500.0 2040
510.0 2138
520.0 2145
530.0 2156
540.0 2160
550.0 2011
560.0 2007
570.0 1822
580.0 1730
590.0 1594
600.0 1475
610.0 1260
620.0 1141
630.0 1004
640.0 885
650.0 782
660.0 627
670.0 484
680.0 423
690.0 321
700.0 229
710.0 188
720.0 142
730.0 131
740.0 90
750.0 59
760.0 32
770.0 40
780.0 22
790.0 19
800.0 17
810.0 7
820.0 9
830.0 3
840.0 1
850.0 0
860.0 2
870.0 2
880.0 0
890.0 0
900.0 0
910.0 0
920.0 0
930.0 0
940.0 0
950.0 0
960.0 0
970.0 0
980.0 0
990.0 0
1000.0 0
1010.0 0
1020.0 0
1030.0 0
1040.0 0
1050.0 0
1060.0 0
1070.0 0
1080.0 0
1090.0 0
1100.0 0
1110.0 0
1120.0 0
1130.0 0
1140.0 0
1150.0 0
1160.0 0
1170.0 0
1180.0 0
1190.0 0
1200.0 0
1210.0 0
1220.0 0
1230.0 0
1240.0 0
1250.0 0
1260.0 0
1270.0 0
1280.0 0
1290.0 0
1300.0 0
1310.0 0
1320.0 0
1330.0 0
1340.0 0
1350.0 0
1360.0 0
1370.0 0
1380.0 0
1390.0 0
1400.0 0
1410.0 0
1420.0 0
1430.0 0
1440.0 0
1450.0 0
1460.0 0
1470.0 0
1480.0 0
1490.0 0
