0.0 10
10.0 22
20.0 26
30.0 33
40.0 43
50.0 41
60.0 51
70.0 59
80.0 69
90.0 86
100.0 99
110.0 102
120.0 111
130.0 159
140.0 163
150.0 185
160.0 224
170.0 251
180.0 273
190.0 297
200.0 324
210.0 349
220.0 392
230.0 386
240.0 504
250.0 467
260.0 519
270.0 530
280.0 531
290.0 613
300.0 618
310.0 625
320.0 674
330.0 680
340.0 692
350.0 722
360.0 834
370.0 764
380.0 777
390.0 770
400.0 785
410.0 829
420.0 804
430.0 882
440.0 874
450.0 901
460.0 868
470.0 916
480.0 860
490.0 897
500.0 885
510.0 939
520.0 954
530.0 904
540.0 933
550.0 957
560.0 949
570.0 940
580.0 1002
590.0 1030
600.0 1137
610.0 1135
620.0 1200
630.0 1266
640.0 1423
650.0 1476
660.0 1587
670.0 1714
680.0 1783
690.0 1800
700.0 1865
710.0 2061
720.0 2202
730.0 2390
740.0 2338
750.0 2509
760.0 2475
770.0 2500
780.0 2442
790.0 2471
800.0 2376
810.0 2277
820.0 2109
830.0 1898
840.0 1904
850.0 1644
860.0 1430
870.0 1244
880.0 1073
890.0 1010
900.0 743
910.0 712
920.0 518
930.0 408
940.0 343
950.0 285
960.0 210
970.0 171
980.0 140
990.0 88
1000.0 62
1010.0 46
1020.0 38
1030.0 20
1040.0 9
1050.0 9
1060.0 4
1070.0 4
1080.0 3
1090.0 1
1100.0 0
1110.0 0
1120.0 0
1130.0 0
1140.0 0
1150.0 0
1160.0 0
1170.0 0
1180.0 0
1190.0 0
1200.0 0
1210.0 0
1220.0 0
1230.0 0
1240.0 0
1250.0 0
1260.0 0
1270.0 0
1280.0 0
1290.0 0
1300.0 0
1310.0 0
1320.0 0
1330.0 0
1340.0 0
1350.0 0
1360.0 0
1370.0 0
1380.0 0
1390.0 0
1400.0 0
1410.0 0
1420.0 0
1430.0 0
1440.0 0
1450.0 0
1460.0 0
1470.0 0
1480.0 0
1490.0 0
