0.0 13
10.0 34
20.0 25
30.0 33
40.0 53
50.0 44
60.0 63
70.0 74
80.0 108
90.0 88
100.0 145
110.0 154
120.0 181
130.0 200
140.0 203
150.0 265
160.0 269
170.0 334
180.0 322
190.0 413
200.0 451
210.0 465
220.0 497
230.0 540
240.0 566
250.0 570
260.0 647
270.0 630
280.0 691
290.0 717
300.0 715
310.0 743
320.0 783
330.0 754
340.0 797
350.0 767
360.0 816
370.0 838
380.0 778
390.0 820
400.0 837
410.0 882
420.0 856
430.0 851
440.0 838
450.0 871
460.0 881
470.0 908
480.0 918
490.0 864
500.0 945
510.0 939
520.0 1025
530.0 1002
540.0 1053
550.0 1068
560.0 1097
570.0 1092
580.0 1242
590.0 1382
600.0 1420
610.0 1591
620.0 1660
630.0 1787
640.0 1869
650.0 1971
660.0 2042
670.0 2216
680.0 2353
690.0 2359
700.0 2361
710.0 2468
720.0 2473
730.0 2483
740.0 2467
750.0 2401
760.0 2216
770.0 2214
780.0 2070
790.0 1764
800.0 1670
810.0 1509
820.0 1328
830.0 1144
840.0 968
850.0 807
860.0 668
870.0 587
880.0 439
890.0 366
900.0 301
910.0 235
920.0 161
930.0 115
940.0 95
950.0 64
960.0 78
970.0 37
980.0 17
990.0 12
1000.0 12
1010.0 5
1020.0 5
1030.0 6
1040.0 1
1050.0 1
1060.0 0
1070.0 0
1080.0 1
1090.0 1
1100.0 0
1110.0 0
1120.0 0
1130.0 0
1140.0 0
1150.0 0
1160.0 0
1170.0 0
1180.0 0
1190.0 0
1200.0 0
1210.0 0
1220.0 0
1230.0 0
1240.0 0
1250.0 0
1260.0 0
1270.0 0
1280.0 0
1290.0 0
1300.0 0
1310.0 0
1320.0 0
1330.0 0
1340.0 0
1350.0 0
1360.0 0
1370.0 0
1380.0 0
1390.0 0
1400.0 0
1410.0 0
1420.0 0
1430.0 0
1440.0 0
1450.0 0
1460.0 0
1470.0 0
1480.0 0
1490.0 0
