0.0 147
10.0 208
20.0 220
30.0 294
40.0 325
50.0 402
60.0 496
70.0 551
80.0 620
90.0 739
100.0 809
110.0 887
120.0 964
130.0 1085
140.0 1229
150.0 1247
160.0 1311
170.0 1342
180.0 1451
190.0 1420
200.0 1412
210.0 1436
220.0 1558
230.0 1437
240.0 1492
250.0 1480
260.0 1463
270.0 1398
280.0 1347
290.0 1350
300.0 1291
310.0 1317
320.0 1320
330.0 1367
340.0 1435
350.0 1450
360.0 1453
370.0 1512
380.0 1572
390.0 1625
400.0 1615
410.0 1829
420.0 1840
430.0 1932
440.0 1981
450.0 2057
460.0 2050
470.0 2093
480.0 2079
490.0 2006
500.0 1978
510.0 1945
520.0 1802
530.0 1677
540.0 1552
550.0 1378
560.0 1269
570.0 1066
580.0 931
590.0 833
600.0 668
610.0 577
620.0 486
630.0 385
640.0 288
650.0 217
660.0 177
670.0 144
680.0 100
690.0 71
700.0 65
710.0 37
720.0 31
730.0 22
740.0 20
750.0 7
760.0 7
770.0 3
780.0 1
790.0 3
800.0 1
810.0 0
820.0 1
830.0 0
840.0 0
850.0 0
860.0 0
870.0 0
880.0 0
890.0 0
900.0 0
910.0 0
920.0 0
930.0 0
940.0 0
950.0 0
960.0 0
970.0 0
980.0 0
990.0 0
1000.0 0
1010.0 0
1020.0 0
1030.0 0
1040.0 0
1050.0 0
1060.0 0
1070.0 0
1080.0 0
1090.0 0
1100.0 0
1110.0 0
1120.0 0
1130.0 0
1140.0 0
1150.0 0
1160.0 0
1170.0 0
1180.0 0
1190.0 0
1200.0 0
1210.0 0
1220.0 0
1230.0 0
1240.0 0
1250.0 0
1260.0 0
1270.0 0
1280.0 0
1290.0 0
1300.0 0
1310.0 0
1320.0 0
1330.0 0
1340.0 0
1350.0 0
1360.0 0
1370.0 0
1380.0 0
1390.0 0
1400.0 0
1410.0 0
1420.0 0
1430.0 0
1440.0 0
1450.0 0
1460.0 0
1470.0 0
1480.0 0
1490.0 0
