0.0 20
10.0 35
20.0 37
30.0 38
40.0 52
50.0 66
60.0 51
70.0 74
80.0 81
90.0 121
100.0 141
110.0 145
120.0 172
130.0 217
140.0 207
150.0 257
160.0 277
170.0 315
180.0 362
190.0 402
200.0 427
210.0 472
220.0 472
230.0 549
240.0 548
250.0 572
260.0 628
270.0 682
280.0 615
290.0 693
300.0 730
310.0 757
320.0 774
330.0 762
340.0 735
350.0 786
360.0 846
370.0 835
380.0 795
390.0 862
400.0 848
410.0 865
420.0 882
430.0 809
440.0 872
450.0 849
460.0 890
470.0 994
480.0 964
490.0 891
500.0 927
510.0 960
520.0 975
530.0 1009
540.0 1089
550.0 1141
560.0 1204
570.0 1127
580.0 1281
590.0 1377
600.0 1429
610.0 1541
620.0 1598
630.0 1753
640.0 1837
650.0 1980
660.0 2114
670.0 2063
680.0 2349
690.0 2389
700.0 2417
710.0 2513
720.0 2504
730.0 2539
740.0 2279
750.0 2370
760.0 2232
770.0 2077
780.0 1945
790.0 1802
800.0 1655
810.0 1529
820.0 1280
830.0 1136
840.0 1002
850.0 836
860.0 727
870.0 562
880.0 461
890.0 350
900.0 294
910.0 221
920.0 170
930.0 141
940.0 106
950.0 70
960.0 40
970.0 22
980.0 30
990.0 18
1000.0 9
1010.0 7
1020.0 7
1030.0 2
1040.0 1
1050.0 1
1060.0 1
1070.0 2
1080.0 0
1090.0 0
1100.0 0
1110.0 0
1120.0 0
1130.0 0
1140.0 0
1150.0 0
1160.0 0
1170.0 0
1180.0 0
1190.0 0
1200.0 0
1210.0 0
1220.0 0
1230.0 0
1240.0 0
1250.0 0
1260.0 0
1270.0 0
1280.0 0
1290.0 0
1300.0 0
1310.0 0
1320.0 0
1330.0 0
1340.0 0
1350.0 0
1360.0 0
1370.0 0
1380.0 0
1390.0 0
1400.0 0
1410.0 0
1420.0 0
1430.0 0
1440.0 0
1450.0 0
1460.0 0
1470.0 0
1480.0 0
1490.0 0
