0.0 10
10.0 11
20.0 15
30.0 9
40.0 14
50.0 20
60.0 30
70.0 21
80.0 27
90.0 55
100.0 63
110.0 50
120.0 61
130.0 82
140.0 89
150.0 87
160.0 126
170.0 112
180.0 134
190.0 176
200.0 206
210.0 226
220.0 236
230.0 282
240.0 310
250.0 305
260.0 324
270.0 355
280.0 404
290.0 428
300.0 436
310.0 483
320.0 501
330.0 513
340.0 508
350.0 576
360.0 525
370.0 537
380.0 524
390.0 538
400.0 582
410.0 567
420.0 556
430.0 557
440.0 542
450.0 593
460.0 567
470.0 606
480.0 550
490.0 579
500.0 581
510.0 576
520.0 556
530.0 598
540.0 618
550.0 637
560.0 623
570.0 612
580.0 644
590.0 621
600.0 677
610.0 657
620.0 680
630.0 749
640.0 767
650.0 829
660.0 874
670.0 946
680.0 1044
690.0 1135
700.0 1328
710.0 1386
720.0 1538
730.0 1659
740.0 1893
750.0 2013
760.0 2193
770.0 2321
780.0 2598
790.0 2754
800.0 2891
810.0 2954
820.0 3080
830.0 3003
840.0 2941
850.0 2985
860.0 2862
870.0 2840
880.0 2447
890.0 2380
900.0 2247
910.0 1956
920.0 1751
930.0 1555
940.0 1287
950.0 1135
960.0 934
970.0 793
980.0 657
990.0 537
1000.0 401
1010.0 314
1020.0 264
1030.0 182
1040.0 126
1050.0 88
1060.0 78
1070.0 42
1080.0 33
1090.0 24
1100.0 14
1110.0 13
1120.0 7
1130.0 7
1140.0 0
1150.0 1
1160.0 2
1170.0 1
1180.0 0
1190.0 0
1200.0 0
1210.0 0
1220.0 0
1230.0 0
1240.0 0
1250.0 0
1260.0 0
1270.0 0
1280.0 0
1290.0 0
1300.0 0
1310.0 0
1320.0 0
1330.0 0
1340.0 0
1350.0 0
1360.0 0
1370.0 0
1380.0 0
1390.0 0
1400.0 0
1410.0 0
1420.0 0
1430.0 0
1440.0 0
1450.0 0
1460.0 0
1470.0 0
1480.0 0
1490.0 0
