0.0 31
10.0 44
20.0 45
30.0 67
40.0 58
50.0 99
60.0 104
70.0 127
80.0 143
90.0 182
100.0 195
110.0 223
120.0 270
130.0 292
140.0 317
150.0 364
160.0 406
170.0 474
180.0 533
190.0 552
200.0 569
210.0 617
220.0 656
230.0 717
240.0 743
250.0 767
260.0 818
270.0 874
280.0 829
290.0 871
300.0 820
310.0 942
320.0 955
330.0 899
340.0 932
350.0 958
360.0 966
370.0 951
380.0 932
390.0 1011
400.0 1030
410.0 992
420.0 994
430.0 1031
440.0 1029
450.0 1008
460.0 1035
470.0 1152
480.0 1078
490.0 1121
500.0 1152
510.0 1210
520.0 1264
530.0 1306
540.0 1411
550.0 1480
560.0 1539
570.0 1521
580.0 1647
590.0 1834
600.0 1917
610.0 2061
620.0 2040
630.0 2126
640.0 2214
650.0 2275
660.0 2334
670.0 2339
680.0 2330
690.0 2193
700.0 2197
710.0 2024
720.0 1947
730.0 1797
740.0 1607
750.0 1468
760.0 1338
770.0 1125
780.0 1014
790.0 898
800.0 705
810.0 632
820.0 485
830.0 433
840.0 352
850.0 249
860.0 198
870.0 174
880.0 116
890.0 81
900.0 62
910.0 44
920.0 22
930.0 20
940.0 13
950.0 8
960.0 5
970.0 6
980.0 4
990.0 1
1000.0 0
1010.0 0
1020.0 0
1030.0 0
1040.0 0
1050.0 0
1060.0 0
1070.0 0
1080.0 0
1090.0 0
1100.0 0
1110.0 0
1120.0 0
1130.0 0
1140.0 0
1150.0 0
1160.0 0
1170.0 0
1180.0 0
1190.0 0
1200.0 0
1210.0 0
1220.0 0
1230.0 0
1240.0 0
1250.0 0
1260.0 0
1270.0 0
1280.0 0
1290.0 0
1300.0 0
1310.0 0
1320.0 0
1330.0 0
1340.0 0
1350.0 0
1360.0 0
1370.0 0
1380.0 0
1390.0 0
1400.0 0
1410.0 0
1420.0 0
1430.0 0
1440.0 0
1450.0 0
1460.0 0
1470.0 0
1480.0 0
1490.0 0
