0.0 7
10.0 12
20.0 14
30.0 11
40.0 22
50.0 14
60.0 22
70.0 23
80.0 21
90.0 44
100.0 51
110.0 58
120.0 70
130.0 82
140.0 80
150.0 98
160.0 101
170.0 149
180.0 134
190.0 176
200.0 201
210.0 213
220.0 217
230.0 253
240.0 271
250.0 327
260.0 369
270.0 353
280.0 369
290.0 422
300.0 453
310.0 435
320.0 449
330.0 487
340.0 487
350.0 525
360.0 568
370.0 557
380.0 557
390.0 512
400.0 515
410.0 511
420.0 547
430.0 536
440.0 538
450.0 585
460.0 613
470.0 517
480.0 569
490.0 586
500.0 546
510.0 536
520.0 541
530.0 561
540.0 551
550.0 560
560.0 570
570.0 541
580.0 588
590.0 591
600.0 579
610.0 619
620.0 639
630.0 614
640.0 749
650.0 734
660.0 815
670.0 916
680.0 968
690.0 1126
700.0 1177
710.0 1252
720.0 1552
730.0 1712
740.0 1750
750.0 2065
760.0 2235
770.0 2406
780.0 2709
790.0 2762
800.0 2873
810.0 3035
820.0 3131
830.0 3036
840.0 3066
850.0 3101
860.0 2870
870.0 2972
880.0 2651
890.0 2499
900.0 2258
910.0 1988
920.0 1831
930.0 1641
940.0 1410
950.0 1228
960.0 993
970.0 827
980.0 711
990.0 553
1000.0 416
1010.0 319
1020.0 249
1030.0 213
1040.0 146
1050.0 104
1060.0 75
1070.0 61
1080.0 40
1090.0 27
1100.0 16
1110.0 8
1120.0 6
1130.0 5
1140.0 3
1150.0 2
1160.0 0
1170.0 1
1180.0 0
1190.0 0
1200.0 1
1210.0 0
1220.0 0
1230.0 0
1240.0 0
1250.0 0
1260.0 0
1270.0 0
1280.0 0
1290.0 0
1300.0 0
1310.0 0
1320.0 0
1330.0 0
1340.0 0
1350.0 0
1360.0 0
1370.0 0
1380.0 0
1390.0 0
1400.0 0
1410.0 0
1420.0 0
1430.0 0
1440.0 0
1450.0 0
1460.0 0
1470.0 0
1480.0 0
1490.0 0
