0.0 10
10.0 8
20.0 10
30.0 10
40.0 16
50.0 18
60.0 18
70.0 23
80.0 33
90.0 35
100.0 28
110.0 42
120.0 42
130.0 63
140.0 78
150.0 75
160.0 95
170.0 94
180.0 102
190.0 147
200.0 144
210.0 180
220.0 200
230.0 196
240.0 197
250.0 252
260.0 266
270.0 271
280.0 274
290.0 295
300.0 322
310.0 380
320.0 401
330.0 415
340.0 413
350.0 455
360.0 467
370.0 481
380.0 518
390.0 483
400.0 539
410.0 495
420.0 588
430.0 548
440.0 541
450.0 545
460.0 574
470.0 574
480.0 592
490.0 584
500.0 602
510.0 577
520.0 593
530.0 600
540.0 611
550.0 574
560.0 623
570.0 626
580.0 604
590.0 614
600.0 587
610.0 625
620.0 640
630.0 679
640.0 695
650.0 654
660.0 685
670.0 751
680.0 746
690.0 860
700.0 906
710.0 893
720.0 1007
730.0 1081
740.0 1176
750.0 1325
760.0 1378
770.0 1582
780.0 1770
790.0 1867
800.0 2098
810.0 2247
820.0 2461
830.0 2525
840.0 2738
850.0 2825
860.0 2937
870.0 3077
880.0 2980
890.0 3034
900.0 2942
910.0 2851
920.0 2703
930.0 2519
940.0 2318
950.0 2078
960.0 1929
970.0 1736
980.0 1533
990.0 1242
1000.0 1106
1010.0 848
1020.0 754
1030.0 620
1040.0 470
1050.0 373
1060.0 296
1070.0 241
1080.0 171
1090.0 123
1100.0 91
1110.0 58
1120.0 44
1130.0 43
1140.0 33
1150.0 8
1160.0 12
1170.0 7
1180.0 6
1190.0 2
1200.0 5
1210.0 0
1220.0 1
1230.0 1
1240.0 0
1250.0 1
1260.0 0
1270.0 0
1280.0 0
1290.0 0
1300.0 0
1310.0 0
1320.0 0
1330.0 0
1340.0 0
1350.0 0
1360.0 0
1370.0 0
1380.0 0
1390.0 0
1400.0 0
1410.0 0
1420.0 0
1430.0 0
1440.0 0
1450.0 0
1460.0 0
1470.0 0
1480.0 0
1490.0 0
