0.0 21
10.0 15
20.0 29
30.0 30
40.0 36
50.0 56
60.0 53
70.0 54
80.0 84
90.0 104
100.0 128
110.0 129
120.0 130
130.0 186
140.0 246
150.0 234
160.0 294
170.0 296
180.0 331
190.0 351
200.0 402
210.0 467
220.0 494
230.0 488
240.0 492
250.0 568
260.0 645
270.0 615
280.0 628
290.0 641
300.0 677
310.0 692
320.0 780
330.0 685
340.0 785
350.0 762
360.0 800
370.0 791
380.0 760
390.0 761
400.0 767
410.0 795
420.0 809
430.0 829
440.0 780
450.0 809
460.0 767
470.0 815
480.0 895
490.0 859
500.0 898
510.0 947
520.0 906
530.0 923
540.0 980
550.0 1035
560.0 1020
570.0 1139
580.0 1144
590.0 1170
600.0 1327
610.0 1521
620.0 1541
630.0 1649
640.0 1830
650.0 1958
660.0 2142
670.0 2248
680.0 2357
690.0 2458
700.0 2487
710.0 2613
720.0 2706
730.0 2746
740.0 2603
750.0 2550
760.0 2312
770.0 2305
780.0 2121
790.0 1962
800.0 1696
810.0 1621
820.0 1388
830.0 1212
840.0 1035
850.0 911
860.0 787
870.0 623
880.0 516
890.0 406
900.0 328
910.0 255
920.0 208
930.0 156
940.0 107
950.0 85
960.0 53
970.0 41
980.0 29
990.0 23
1000.0 10
1010.0 9
1020.0 5
1030.0 1
1040.0 2
1050.0 3
1060.0 1
1070.0 0
1080.0 1
1090.0 0
1100.0 0
1110.0 0
1120.0 0
1130.0 0
1140.0 0
1150.0 0
1160.0 0
1170.0 0
1180.0 0
1190.0 0
1200.0 0
1210.0 0
1220.0 0
1230.0 0
1240.0 0
1250.0 0
1260.0 0
1270.0 0
1280.0 0
1290.0 0
1300.0 0
1310.0 0
1320.0 0
1330.0 0
1340.0 0
1350.0 0
1360.0 0
1370.0 0
1380.0 0
1390.0 0
1400.0 0
1410.0 0
1420.0 0
1430.0 0
1440.0 0
1450.0 0
1460.0 0
1470.0 0
1480.0 0
1490.0 0
