0.0 16
10.0 6
20.0 8
30.0 17
40.0 21
50.0 31
60.0 32
70.0 34
80.0 41
90.0 47
100.0 51
110.0 62
120.0 76
130.0 82
140.0 89
150.0 109
160.0 117
170.0 138
180.0 166
190.0 170
200.0 198
210.0 232
220.0 282
230.0 270
240.0 295
250.0 308
260.0 374
270.0 358
280.0 402
290.0 432
300.0 478
310.0 465
320.0 505
330.0 514
340.0 493
350.0 562
360.0 569
370.0 581
380.0 541
390.0 572
400.0 571
410.0 630
420.0 604
430.0 614
440.0 659
450.0 606
460.0 603
470.0 656
480.0 618
490.0 632
500.0 627
510.0 618
520.0 665
530.0 632
540.0 623
550.0 665
560.0 668
570.0 721
580.0 657
590.0 679
600.0 731
610.0 710
620.0 770
630.0 772
640.0 848
650.0 882
660.0 968
670.0 959
680.0 1096
690.0 1178
700.0 1336
710.0 1476
720.0 1563
730.0 1728
740.0 1874
750.0 2033
760.0 2244
770.0 2343
780.0 2525
790.0 2624
800.0 2818
810.0 2813
820.0 2775
830.0 2963
840.0 2864
850.0 2809
860.0 2775
870.0 2547
880.0 2562
890.0 2293
900.0 2058
910.0 1867
920.0 1698
930.0 1436
940.0 1252
950.0 1081
960.0 931
970.0 741
980.0 576
990.0 514
1000.0 406
1010.0 324
1020.0 218
1030.0 172
1040.0 101
1050.0 94
1060.0 73
1070.0 46
1080.0 34
1090.0 23
1100.0 11
1110.0 5
1120.0 5
1130.0 5
1140.0 1
1150.0 1
1160.0 3
1170.0 1
1180.0 1
1190.0 0
1200.0 0
1210.0 0
1220.0 0
1230.0 0
1240.0 0
1250.0 0
1260.0 0
1270.0 0
1280.0 0
1290.0 0
1300.0 0
1310.0 0
1320.0 0
1330.0 0
1340.0 0
1350.0 0
1360.0 0
1370.0 0
1380.0 0
1390.0 0
1400.0 0
1410.0 0
1420.0 0
1430.0 0
1440.0 0
1450.0 0
1460.0 0
1470.0 0
1480.0 0
1490.0 0
