0.0 33
10.0 36
20.0 45
30.0 81
40.0 85
50.0 119
60.0 100
70.0 160
80.0 158
90.0 204
100.0 238
110.0 272
120.0 334
130.0 380
140.0 416
150.0 474
160.0 483
170.0 554
180.0 612
190.0 647
200.0 690
210.0 764
220.0 819
230.0 791
240.0 822
250.0 859
260.0 866
270.0 891
280.0 944
290.0 899
300.0 856
310.0 903
320.0 869
330.0 931
340.0 911
350.0 880
360.0 873
370.0 886
380.0 880
390.0 920
400.0 949
410.0 903
420.0 900
430.0 958
440.0 929
450.0 1005
460.0 1057
470.0 1095
480.0 1137
490.0 1248
500.0 1280
510.0 1361
520.0 1439
530.0 1593
540.0 1627
550.0 1783
560.0 1970
570.0 2116
580.0 2094
590.0 2352
600.0 2426
610.0 2308
620.0 2505
630.0 2405
640.0 2418
650.0 2339
660.0 2291
670.0 2173
680.0 2050
690.0 1957
700.0 1749
710.0 1589
720.0 1390
730.0 1236
740.0 1108
750.0 862
760.0 717
770.0 572
780.0 496
790.0 403
800.0 299
810.0 225
820.0 169
830.0 141
840.0 82
850.0 74
860.0 39
870.0 42
880.0 36
890.0 9
900.0 11
910.0 11
920.0 5
930.0 1
940.0 1
950.0 0
960.0 1
970.0 1
980.0 0
990.0 1
1000.0 0
1010.0 0
1020.0 0
1030.0 0
1040.0 0
1050.0 0
1060.0 0
1070.0 0
1080.0 0
1090.0 0
1100.0 0
1110.0 0
1120.0 0
1130.0 0
1140.0 0
1150.0 0
1160.0 0
1170.0 0
1180.0 0
1190.0 0
1200.0 0
1210.0 0
1220.0 0
1230.0 0
1240.0 0
1250.0 0
1260.0 0
1270.0 0
1280.0 0
1290.0 0
1300.0 0
1310.0 0
1320.0 0
1330.0 0
1340.0 0
1350.0 0
1360.0 0
1370.0 0
1380.0 0
1390.0 0
1400.0 0
1410.0 0
1420.0 0
1430.0 0
1440.0 0
1450.0 0
1460.0 0
1470.0 0
1480.0 0
1490.0 0
