0.0 11
10.0 13
20.0 25
30.0 28
40.0 30
50.0 39
60.0 36
70.0 48
80.0 46
90.0 82
100.0 96
110.0 94
120.0 134
130.0 108
140.0 147
150.0 174
160.0 187
170.0 202
180.0 233
190.0 294
200.0 300
210.0 334
220.0 371
230.0 361
240.0 400
250.0 431
260.0 458
270.0 545
280.0 524
290.0 536
300.0 590
310.0 599
320.0 641
330.0 652
340.0 666
350.0 612
360.0 681
370.0 686
380.0 705
390.0 663
400.0 689
410.0 681
420.0 753
430.0 768
440.0 749
450.0 735
460.0 764
470.0 737
480.0 774
490.0 739
500.0 744
510.0 746
520.0 815
530.0 787
540.0 834
550.0 816
560.0 877
570.0 877
580.0 889
590.0 945
600.0 1037
610.0 1053
620.0 1137
630.0 1183
640.0 1246
650.0 1434
660.0 1451
670.0 1633
680.0 1638
690.0 1879
700.0 1954
710.0 2159
720.0 2194
730.0 2479
740.0 2517
750.0 2609
760.0 2702
770.0 2722
780.0 2691
790.0 2645
800.0 2550
810.0 2487
820.0 2434
830.0 2220
840.0 2073
850.0 1836
860.0 1703
870.0 1545
880.0 1255
890.0 1117
900.0 934
910.0 830
920.0 603
930.0 510
940.0 447
950.0 339
960.0 274
970.0 196
980.0 130
990.0 137
1000.0 90
1010.0 51
1020.0 39
1030.0 25
1040.0 24
1050.0 12
1060.0 9
1070.0 4
1080.0 4
1090.0 1
1100.0 0
1110.0 1
1120.0 1
1130.0 0
1140.0 0
1150.0 0
1160.0 0
1170.0 0
1180.0 0
1190.0 0
1200.0 0
1210.0 0
1220.0 0
1230.0 0
1240.0 0
1250.0 0
1260.0 0
1270.0 0
1280.0 0
1290.0 0
1300.0 0
1310.0 0
1320.0 0
1330.0 0
1340.0 0
1350.0 0
1360.0 0
1370.0 0
1380.0 0
1390.0 0
1400.0 0
1410.0 0
1420.0 0
1430.0 0
1440.0 0
1450.0 0
1460.0 0
1470.0 0
1480.0 0
1490.0 0
