0.0 8
10.0 15
20.0 23
30.0 25
40.0 31
50.0 53
60.0 41
70.0 43
80.0 73
90.0 84
100.0 89
110.0 86
120.0 119
130.0 153
140.0 162
150.0 191
160.0 193
170.0 224
180.0 281
190.0 268
200.0 345
210.0 363
220.0 387
230.0 429
240.0 413
250.0 441
260.0 519
270.0 499
280.0 556
290.0 597
300.0 625
310.0 602
320.0 625
330.0 663
340.0 684
350.0 742
360.0 747
370.0 708
380.0 770
390.0 733
400.0 760
410.0 760
420.0 805
430.0 806
440.0 840
450.0 768
460.0 794
470.0 824
480.0 845
490.0 891
500.0 912
510.0 842
520.0 856
530.0 813
540.0 877
550.0 891
560.0 924
570.0 917
580.0 972
590.0 960
600.0 1109
610.0 1197
620.0 1146
630.0 1239
640.0 1350
650.0 1441
660.0 1523
670.0 1601
680.0 1788
690.0 1902
700.0 1975
710.0 2140
720.0 2237
730.0 2321
740.0 2481
750.0 2438
760.0 2537
770.0 2438
780.0 2587
790.0 2611
800.0 2489
810.0 2367
820.0 2203
830.0 2083
840.0 1917
850.0 1719
860.0 1489
870.0 1380
880.0 1184
890.0 977
900.0 881
910.0 728
920.0 570
930.0 514
940.0 390
950.0 265
960.0 231
970.0 175
980.0 116
990.0 84
1000.0 67
1010.0 52
1020.0 42
1030.0 27
1040.0 19
1050.0 12
1060.0 4
1070.0 5
1080.0 6
1090.0 3
1100.0 1
1110.0 0
1120.0 0
1130.0 1
1140.0 0
1150.0 0
1160.0 0
1170.0 0
1180.0 0
1190.0 0
1200.0 0
1210.0 0
1220.0 0
1230.0 0
1240.0 0
1250.0 0
1260.0 0
1270.0 0
1280.0 0
1290.0 0
1300.0 0
1310.0 0
1320.0 0
1330.0 0
1340.0 0
1350.0 0
1360.0 0
1370.0 0
1380.0 0
1390.0 0
1400.0 0
1410.0 0
1420.0 0
1430.0 0
1440.0 0
1450.0 0
1460.0 0
1470.0 0
1480.0 0
1490.0 0
