0.0 65
10.0 89
20.0 93
30.0 160
40.0 156
50.0 195
60.0 228
70.0 280
80.0 285
90.0 344
100.0 409
110.0 484
120.0 509
130.0 604
140.0 631
150.0 713
160.0 804
170.0 810
180.0 900
190.0 938
200.0 958
210.0 1028
220.0 1086
230.0 1039
240.0 1099
250.0 1107
260.0 1118
270.0 1167
280.0 1118
290.0 1182
300.0 1143
310.0 1071
320.0 1215
330.0 1166
340.0 1121
350.0 1194
360.0 1170
370.0 1129
380.0 1190
390.0 1197
400.0 1255
410.0 1259
420.0 1260
430.0 1358
440.0 1405
450.0 1365
460.0 1471
470.0 1594
480.0 1664
490.0 1723
500.0 1767
510.0 1842
520.0 1903
530.0 1983
540.0 2003
550.0 2034
560.0 2049
570.0 2090
580.0 2005
590.0 2006
600.0 1841
610.0 1823
620.0 1654
630.0 1572
640.0 1355
650.0 1323
660.0 1137
670.0 961
680.0 901
690.0 762
700.0 626
710.0 523
720.0 435
730.0 366
740.0 279
750.0 211
760.0 208
770.0 127
780.0 114
790.0 71
800.0 55
810.0 45
820.0 17
830.0 17
840.0 7
850.0 9
860.0 5
870.0 4
880.0 1
890.0 1
900.0 1
910.0 0
920.0 0
930.0 0
940.0 0
950.0 0
960.0 0
970.0 0
980.0 0
990.0 0
1000.0 0
1010.0 0
1020.0 0
1030.0 0
1040.0 0
1050.0 0
1060.0 0
1070.0 0
1080.0 0
1090.0 0
1100.0 0
1110.0 0
1120.0 0
1130.0 0
1140.0 0
1150.0 0
1160.0 0
1170.0 0
1180.0 0
1190.0 0
1200.0 0
1210.0 0
1220.0 0
1230.0 0
1240.0 0
1250.0 0
1260.0 0
1270.0 0
1280.0 0
1290.0 0
1300.0 0
1310.0 0
1320.0 0
1330.0 0
1340.0 0
1350.0 0
1360.0 0
1370.0 0
1380.0 0
1390.0 0
1400.0 0
1410.0 0
1420.0 0
1430.0 0
1440.0 0
1450.0 0
1460.0 0
1470.0 0
1480.0 0
1490.0 0
