0.0 18
10.0 17
20.0 35
30.0 43
40.0 48
50.0 73
60.0 85
70.0 101
80.0 96
90.0 137
100.0 166
110.0 174
120.0 201
130.0 232
140.0 285
150.0 323
160.0 373
170.0 429
180.0 436
190.0 506
200.0 541
210.0 547
220.0 586
230.0 619
240.0 691
250.0 740
260.0 699
270.0 775
280.0 827
290.0 831
300.0 798
310.0 815
320.0 810
330.0 840
340.0 786
350.0 831
360.0 764
370.0 800
380.0 807
390.0 793
400.0 808
410.0 825
420.0 823
430.0 799
440.0 749
450.0 825
460.0 861
470.0 889
480.0 887
490.0 904
500.0 931
510.0 1025
520.0 1031
530.0 1174
540.0 1219
550.0 1353
560.0 1376
570.0 1507
580.0 1616
590.0 1778
600.0 1838
610.0 2004
620.0 2235
630.0 2374
640.0 2340
650.0 2567
660.0 2516
670.0 2612
680.0 2685
690.0 2541
700.0 2520
710.0 2322
720.0 2338
730.0 2153
740.0 1937
750.0 1893
760.0 1696
770.0 1484
780.0 1286
790.0 1139
800.0 926
810.0 815
820.0 626
830.0 551
840.0 399
850.0 325
860.0 219
870.0 181
880.0 161
890.0 106
900.0 65
910.0 63
920.0 36
930.0 22
940.0 18
950.0 13
960.0 13
970.0 6
980.0 1
990.0 1
1000.0 0
1010.0 0
1020.0 1
1030.0 0
1040.0 0
1050.0 0
1060.0 0
1070.0 0
1080.0 0
1090.0 0
1100.0 0
1110.0 0
1120.0 0
1130.0 0
1140.0 0
1150.0 0
1160.0 0
1170.0 0
1180.0 0
1190.0 0
1200.0 0
1210.0 0
1220.0 0
1230.0 0
1240.0 0
1250.0 0
1260.0 0
1270.0 0
1280.0 0
1290.0 0
1300.0 0
1310.0 0
1320.0 0
1330.0 0
1340.0 0
1350.0 0
1360.0 0
1370.0 0
1380.0 0
1390.0 0
1400.0 0
1410.0 0
1420.0 0
1430.0 0
1440.0 0
1450.0 0
1460.0 0
1470.0 0
1480.0 0
1490.0 0
