0.0 36
10.0 25
20.0 49
30.0 45
40.0 62
50.0 74
60.0 85
70.0 96
80.0 115
90.0 158
100.0 161
110.0 207
120.0 196
130.0 279
140.0 314
150.0 344
160.0 388
170.0 409
180.0 461
190.0 489
200.0 515
210.0 601
220.0 627
230.0 645
240.0 704
250.0 718
260.0 763
270.0 760
280.0 865
290.0 812
300.0 833
310.0 840
320.0 845
330.0 850
340.0 864
350.0 853
360.0 882
370.0 884
380.0 823
390.0 865
400.0 857
410.0 889
420.0 837
430.0 877
440.0 911
450.0 909
460.0 893
470.0 882
480.0 1006
490.0 1024
500.0 1034
510.0 1092
520.0 1115
530.0 1205
540.0 1239
550.0 1370
560.0 1393
570.0 1522
580.0 1679
590.0 1783
600.0 1879
610.0 2095
620.0 2228
630.0 2303
640.0 2258
650.0 2393
660.0 2451
670.0 2519
680.0 2475
690.0 2456
700.0 2351
710.0 2313
720.0 2196
730.0 2039
740.0 1932
750.0 1776
760.0 1585
770.0 1413
780.0 1237
790.0 1077
800.0 778
810.0 722
820.0 576
830.0 510
840.0 381
850.0 251
860.0 224
870.0 164
880.0 134
890.0 93
900.0 60
910.0 43
920.0 39
930.0 25
940.0 16
950.0 9
960.0 7
970.0 1
980.0 4
990.0 3
1000.0 3
1010.0 4
1020.0 0
1030.0 0
1040.0 0
1050.0 0
1060.0 0
1070.0 0
1080.0 0
1090.0 0
1100.0 0
1110.0 0
1120.0 0
1130.0 0
1140.0 0
1150.0 0
1160.0 0
1170.0 0
1180.0 0
1190.0 0
1200.0 0
1210.0 0
1220.0 0
1230.0 0
1240.0 0
1250.0 0
1260.0 0
1270.0 0
1280.0 0
1290.0 0
1300.0 0
1310.0 0
1320.0 0
1330.0 0
1340.0 0
1350.0 0
1360.0 0
1370.0 0
1380.0 0
1390.0 0
1400.0 0
1410.0 0
1420.0 0
1430.0 0
1440.0 0
1450.0 0
1460.0 0
1470.0 0
1480.0 0
1490.0 0
