0.0 17
10.0 19
20.0 26
30.0 50
40.0 34
50.0 58
60.0 64
70.0 75
80.0 78
90.0 118
100.0 114
110.0 162
120.0 189
130.0 179
140.0 214
150.0 259
160.0 274
170.0 312
180.0 363
190.0 366
200.0 407
210.0 462
220.0 492
230.0 542
240.0 578
250.0 619
260.0 647
270.0 650
280.0 688
290.0 711
300.0 742
310.0 707
320.0 730
330.0 831
340.0 790
350.0 823
360.0 813
370.0 804
380.0 806
390.0 858
400.0 898
410.0 816
420.0 832
430.0 860
440.0 913
450.0 879
460.0 869
470.0 913
480.0 890
490.0 871
500.0 911
510.0 959
520.0 948
530.0 934
540.0 1037
550.0 1106
560.0 1174
570.0 1192
580.0 1282
590.0 1373
600.0 1470
610.0 1531
620.0 1633
630.0 1689
640.0 1835
650.0 1948
660.0 2065
670.0 2256
680.0 2343
690.0 2364
700.0 2378
710.0 2468
720.0 2452
730.0 2387
740.0 2402
750.0 2423
760.0 2340
770.0 2206
780.0 1930
790.0 1875
800.0 1671
810.0 1461
820.0 1298
830.0 1174
840.0 1034
850.0 850
860.0 684
870.0 536
880.0 464
890.0 374
900.0 263
910.0 233
920.0 158
930.0 146
940.0 72
950.0 67
960.0 43
970.0 39
980.0 24
990.0 20
1000.0 10
1010.0 7
1020.0 4
1030.0 3
1040.0 2
1050.0 0
1060.0 1
1070.0 0
1080.0 0
1090.0 0
1100.0 0
1110.0 0
1120.0 0
1130.0 0
1140.0 0
1150.0 0
1160.0 0
1170.0 0
1180.0 0
1190.0 0
1200.0 0
1210.0 0
1220.0 0
1230.0 0
1240.0 0
1250.0 0
1260.0 0
1270.0 0
1280.0 0
1290.0 0
1300.0 0
1310.0 0
1320.0 0
1330.0 0
1340.0 0
1350.0 0
1360.0 0
1370.0 0
1380.0 0
1390.0 0
1400.0 0
1410.0 0
1420.0 0
1430.0 0
1440.0 0
1450.0 0
1460.0 0
1470.0 0
1480.0 0
1490.0 0
