0.0 10
10.0 16
20.0 26
30.0 34
40.0 30
50.0 46
60.0 54
70.0 55
80.0 65
90.0 68
100.0 88
110.0 115
120.0 136
130.0 160
140.0 173
150.0 197
160.0 197
170.0 222
180.0 247
190.0 306
200.0 325
210.0 402
220.0 397
230.0 404
240.0 474
250.0 464
260.0 493
270.0 542
280.0 570
290.0 588
300.0 613
310.0 579
320.0 700
330.0 645
340.0 714
350.0 727
360.0 742
370.0 731
380.0 818
390.0 759
400.0 834
410.0 819
420.0 853
430.0 806
440.0 825
450.0 886
460.0 900
470.0 845
480.0 870
490.0 910
500.0 926
510.0 924
520.0 916
530.0 910
540.0 904
550.0 949
560.0 980
570.0 1005
580.0 1095
590.0 1060
600.0 1152
610.0 1178
620.0 1226
630.0 1300
640.0 1408
650.0 1470
660.0 1494
670.0 1743
680.0 1735
690.0 1971
700.0 1970
710.0 2068
720.0 2157
730.0 2321
740.0 2386
750.0 2380
760.0 2515
770.0 2472
780.0 2437
790.0 2490
800.0 2330
810.0 2246
820.0 2080
830.0 1943
840.0 1863
850.0 1542
860.0 1479
870.0 1200
880.0 1158
890.0 937
900.0 800
910.0 657
920.0 542
930.0 470
940.0 373
950.0 292
960.0 215
970.0 150
980.0 153
990.0 79
1000.0 65
1010.0 42
1020.0 28
1030.0 22
1040.0 19
1050.0 17
1060.0 3
1070.0 7
1080.0 2
1090.0 0
1100.0 0
1110.0 0
1120.0 1
1130.0 1
1140.0 1
1150.0 1
1160.0 0
1170.0 0
1180.0 0
1190.0 0
1200.0 0
1210.0 0
1220.0 0
1230.0 0
1240.0 0
1250.0 0
1260.0 0
1270.0 0
1280.0 0
1290.0 0
1300.0 0
1310.0 0
1320.0 0
1330.0 0
1340.0 0
1350.0 0
1360.0 0
1370.0 0
1380.0 0
1390.0 0
1400.0 0
1410.0 0
1420.0 0
1430.0 0
1440.0 0
1450.0 0
1460.0 0
1470.0 0
1480.0 0
1490.0 0
