0.0 21
10.0 13
20.0 28
30.0 22
40.0 25
50.0 39
60.0 55
70.0 63
80.0 62
90.0 93
100.0 101
110.0 98
120.0 127
130.0 139
140.0 164
150.0 171
160.0 205
170.0 217
180.0 252
190.0 293
200.0 320
210.0 357
220.0 405
230.0 424
240.0 445
250.0 479
260.0 520
270.0 505
280.0 552
290.0 548
300.0 650
310.0 630
320.0 646
330.0 622
340.0 695
350.0 667
360.0 689
370.0 669
380.0 783
390.0 723
400.0 777
410.0 735
420.0 810
430.0 743
440.0 759
450.0 818
460.0 847
470.0 851
480.0 814
490.0 888
500.0 822
510.0 858
520.0 875
530.0 898
540.0 872
550.0 926
560.0 900
570.0 861
580.0 970
590.0 1023
600.0 1092
610.0 1132
620.0 1193
630.0 1278
640.0 1383
650.0 1514
660.0 1537
670.0 1681
680.0 1762
690.0 1873
700.0 2028
710.0 2089
720.0 2268
730.0 2336
740.0 2462
750.0 2478
760.0 2530
770.0 2553
780.0 2583
790.0 2428
800.0 2550
810.0 2278
820.0 2183
830.0 2034
840.0 1844
850.0 1689
860.0 1593
870.0 1354
880.0 1241
890.0 1016
900.0 792
910.0 746
920.0 631
930.0 489
940.0 342
950.0 328
960.0 236
970.0 174
980.0 125
990.0 90
1000.0 68
1010.0 64
1020.0 23
1030.0 32
1040.0 16
1050.0 11
1060.0 9
1070.0 4
1080.0 4
1090.0 1
1100.0 1
1110.0 1
1120.0 0
1130.0 0
1140.0 1
1150.0 0
1160.0 0
1170.0 0
1180.0 0
1190.0 0
1200.0 0
1210.0 0
1220.0 0
1230.0 0
1240.0 0
1250.0 0
1260.0 0
1270.0 0
1280.0 0
1290.0 0
1300.0 0
1310.0 0
1320.0 0
1330.0 0
1340.0 0
1350.0 0
1360.0 0
1370.0 0
1380.0 0
1390.0 0
1400.0 0
1410.0 0
1420.0 0
1430.0 0
1440.0 0
1450.0 0
1460.0 0
1470.0 0
1480.0 0
1490.0 0
