0.0 9
10.0 8
20.0 7
30.0 13
40.0 10
50.0 10
60.0 20
70.0 17
80.0 31
90.0 32
100.0 39
110.0 48
120.0 35
130.0 55
140.0 48
150.0 79
160.0 71
170.0 105
180.0 115
190.0 135
200.0 143
210.0 155
220.0 200
230.0 204
240.0 218
250.0 284
260.0 291
270.0 284
280.0 298
290.0 345
300.0 401
310.0 373
320.0 386
330.0 397
340.0 452
350.0 429
360.0 483
370.0 480
380.0 468
390.0 521
400.0 485
410.0 547
420.0 554
430.0 510
440.0 530
450.0 560
460.0 563
470.0 601
480.0 571
490.0 595
500.0 573
510.0 620
520.0 572
530.0 576
540.0 618
550.0 633
560.0 607
570.0 623
580.0 624
590.0 683
600.0 633
610.0 662
620.0 645
630.0 708
640.0 666
650.0 680
660.0 751
670.0 772
680.0 742
690.0 822
700.0 893
710.0 968
720.0 1016
730.0 1126
740.0 1158
750.0 1219
760.0 1375
770.0 1530
780.0 1757
790.0 1971
800.0 2114
810.0 2276
820.0 2362
830.0 2536
840.0 2662
850.0 2872
860.0 2907
870.0 2872
880.0 3080
890.0 2951
900.0 2857
910.0 2677
920.0 2680
930.0 2518
940.0 2284
950.0 2144
960.0 1892
970.0 1701
980.0 1510
990.0 1322
1000.0 1025
1010.0 927
1020.0 771
1030.0 631
1040.0 484
1050.0 411
1060.0 358
1070.0 249
1080.0 178
1090.0 138
1100.0 106
1110.0 66
1120.0 53
1130.0 41
1140.0 19
1150.0 13
1160.0 8
1170.0 1
1180.0 7
1190.0 0
1200.0 1
1210.0 1
1220.0 1
1230.0 0
1240.0 0
1250.0 1
1260.0 0
1270.0 0
1280.0 0
1290.0 0
1300.0 0
1310.0 0
1320.0 0
1330.0 0
1340.0 0
1350.0 0
1360.0 0
1370.0 0
1380.0 0
1390.0 0
1400.0 0
1410.0 0
1420.0 0
1430.0 0
1440.0 0
1450.0 0
1460.0 0
1470.0 0
1480.0 0
1490.0 0
