0.0 7
10.0 7
20.0 8
30.0 5
40.0 13
50.0 15
60.0 13
70.0 21
80.0 26
90.0 19
100.0 31
110.0 40
120.0 38
130.0 65
140.0 53
150.0 71
160.0 76
170.0 89
180.0 93
190.0 143
200.0 109
210.0 160
220.0 140
230.0 184
240.0 184
250.0 240
260.0 232
270.0 265
280.0 305
290.0 370
300.0 335
310.0 363
320.0 399
330.0 412
340.0 397
350.0 440
360.0 444
370.0 469
380.0 462
390.0 488
400.0 473
410.0 493
420.0 475
430.0 478
440.0 502
450.0 503
460.0 513
470.0 500
480.0 488
490.0 522
500.0 484
510.0 505
520.0 498
530.0 440
540.0 516
550.0 551
560.0 499
570.0 506
580.0 529
590.0 506
600.0 525
610.0 525
620.0 546
630.0 529
640.0 576
650.0 600
660.0 624
670.0 589
680.0 675
690.0 727
700.0 714
710.0 829
720.0 809
730.0 1030
740.0 1116
750.0 1227
760.0 1326
770.0 1508
780.0 1674
790.0 1883
800.0 2017
810.0 2348
820.0 2540
830.0 2651
840.0 2835
850.0 2994
860.0 3025
870.0 3211
880.0 3155
890.0 3136
900.0 3181
910.0 3048
920.0 2942
930.0 2753
940.0 2503
950.0 2338
960.0 2093
970.0 1956
980.0 1610
990.0 1461
1000.0 1195
1010.0 1103
1020.0 877
1030.0 682
1040.0 533
1050.0 492
1060.0 338
1070.0 260
1080.0 186
1090.0 131
1100.0 94
1110.0 70
1120.0 54
1130.0 37
1140.0 29
1150.0 15
1160.0 11
1170.0 5
1180.0 4
1190.0 3
1200.0 1
1210.0 1
1220.0 0
1230.0 1
1240.0 0
1250.0 0
1260.0 0
1270.0 0
1280.0 0
1290.0 0
1300.0 0
1310.0 0
1320.0 0
1330.0 0
1340.0 0
1350.0 0
1360.0 0
1370.0 0
1380.0 0
1390.0 0
1400.0 0
1410.0 0
1420.0 0
1430.0 0
1440.0 0
1450.0 0
1460.0 0
1470.0 0
1480.0 0
1490.0 0
