0.0 7
10.0 18
20.0 13
30.0 12
40.0 19
50.0 16
60.0 23
70.0 20
80.0 24
90.0 34
100.0 37
110.0 41
120.0 40
130.0 45
140.0 83
150.0 86
160.0 91
170.0 108
180.0 117
190.0 118
200.0 168
210.0 161
220.0 196
230.0 218
240.0 245
250.0 269
260.0 277
270.0 293
280.0 315
290.0 366
300.0 354
310.0 416
320.0 453
330.0 421
340.0 424
350.0 462
360.0 475
370.0 496
380.0 554
390.0 527
400.0 565
410.0 593
420.0 569
430.0 599
440.0 546
450.0 593
460.0 666
470.0 638
480.0 616
490.0 647
500.0 631
510.0 713
520.0 652
530.0 649
540.0 662
550.0 640
560.0 684
570.0 661
580.0 720
590.0 727
600.0 738
610.0 722
620.0 702
630.0 781
640.0 689
650.0 783
660.0 751
670.0 849
680.0 822
690.0 929
700.0 967
710.0 1006
720.0 1072
730.0 1198
740.0 1190
750.0 1380
760.0 1443
770.0 1656
780.0 1786
790.0 2003
800.0 2049
810.0 2161
820.0 2335
830.0 2447
840.0 2619
850.0 2719
860.0 2728
870.0 2881
880.0 2903
890.0 2715
900.0 2778
910.0 2725
920.0 2533
930.0 2347
940.0 2191
950.0 1973
960.0 1730
970.0 1595
980.0 1424
990.0 1165
1000.0 1002
1010.0 867
1020.0 696
1030.0 537
1040.0 418
1050.0 350
1060.0 257
1070.0 202
1080.0 158
1090.0 103
1100.0 83
1110.0 68
1120.0 39
1130.0 19
1140.0 18
1150.0 16
1160.0 7
1170.0 3
1180.0 3
1190.0 4
1200.0 3
1210.0 0
1220.0 0
1230.0 0
1240.0 0
1250.0 0
1260.0 0
1270.0 0
1280.0 0
1290.0 0
1300.0 0
1310.0 0
1320.0 0
1330.0 0
1340.0 0
1350.0 0
1360.0 0
1370.0 0
1380.0 0
1390.0 0
1400.0 0
1410.0 0
1420.0 0
1430.0 0
1440.0 0
1450.0 0
1460.0 0
1470.0 0
1480.0 0
1490.0 0
