0.0 35
10.0 37
20.0 55
30.0 61
40.0 100
50.0 100
60.0 96
70.0 151
80.0 159
90.0 203
100.0 262
110.0 266
120.0 329
130.0 402
140.0 403
150.0 448
160.0 538
170.0 573
180.0 595
190.0 672
200.0 692
210.0 671
220.0 718
230.0 777
240.0 822
250.0 891
260.0 823
270.0 902
280.0 917
290.0 894
300.0 916
310.0 914
320.0 925
330.0 939
340.0 908
350.0 924
360.0 896
370.0 914
380.0 853
390.0 930
400.0 890
410.0 876
420.0 905
430.0 988
440.0 944
450.0 974
460.0 1005
470.0 1140
480.0 1098
490.0 1236
500.0 1264
510.0 1413
520.0 1480
530.0 1604
540.0 1739
550.0 1859
560.0 1926
570.0 2070
580.0 2217
590.0 2299
600.0 2371
610.0 2414
620.0 2385
630.0 2466
640.0 2420
650.0 2380
660.0 2273
670.0 2244
680.0 2091
690.0 1869
700.0 1765
710.0 1491
720.0 1411
730.0 1145
740.0 1010
750.0 928
760.0 706
770.0 589
780.0 517
790.0 356
800.0 301
810.0 203
820.0 194
830.0 150
840.0 100
850.0 66
860.0 43
870.0 36
880.0 30
890.0 16
900.0 7
910.0 13
920.0 4
930.0 7
940.0 0
950.0 1
960.0 1
970.0 0
980.0 0
990.0 0
1000.0 0
1010.0 0
1020.0 0
1030.0 0
1040.0 0
1050.0 0
1060.0 0
1070.0 0
1080.0 0
1090.0 0
1100.0 0
1110.0 0
1120.0 0
1130.0 0
1140.0 0
1150.0 0
1160.0 0
1170.0 0
1180.0 0
1190.0 0
1200.0 0
1210.0 0
1220.0 0
1230.0 0
1240.0 0
1250.0 0
1260.0 0
1270.0 0
1280.0 0
1290.0 0
1300.0 0
1310.0 0
1320.0 0
1330.0 0
1340.0 0
1350.0 0
1360.0 0
1370.0 0
1380.0 0
1390.0 0
1400.0 0
1410.0 0
1420.0 0
1430.0 0
1440.0 0
1450.0 0
1460.0 0
1470.0 0
1480.0 0
1490.0 0
