0.0 9
10.0 8
20.0 16
30.0 14
40.0 24
50.0 20
60.0 31
70.0 24
80.0 44
90.0 39
100.0 53
110.0 51
120.0 71
130.0 78
140.0 80
150.0 93
160.0 112
170.0 150
180.0 147
190.0 181
200.0 167
210.0 203
220.0 214
230.0 247
240.0 267
250.0 302
260.0 286
270.0 323
280.0 368
290.0 377
300.0 445
310.0 447
320.0 468
330.0 451
340.0 508
350.0 519
360.0 503
370.0 562
380.0 509
390.0 626
400.0 641
410.0 603
420.0 648
430.0 709
440.0 700
450.0 704
460.0 661
470.0 758
480.0 764
490.0 769
500.0 772
510.0 781
520.0 818
530.0 738
540.0 840
550.0 788
560.0 868
570.0 826
580.0 754
590.0 848
600.0 821
610.0 873
620.0 871
630.0 828
640.0 840
650.0 917
660.0 942
670.0 938
680.0 1015
690.0 1023
700.0 1054
710.0 1172
720.0 1222
730.0 1281
740.0 1303
750.0 1429
760.0 1543
770.0 1637
780.0 1736
790.0 1902
800.0 1974
810.0 2190
820.0 2281
830.0 2399
840.0 2425
850.0 2416
860.0 2498
870.0 2469
880.0 2599
890.0 2522
900.0 2420
910.0 2437
920.0 2202
930.0 2110
940.0 1920
950.0 1698
960.0 1515
970.0 1338
980.0 1158
990.0 1023
1000.0 853
1010.0 722
1020.0 615
1030.0 509
1040.0 336
1050.0 308
1060.0 235
1070.0 169
1080.0 118
1090.0 86
1100.0 74
1110.0 48
1120.0 36
1130.0 26
1140.0 19
1150.0 8
1160.0 10
1170.0 8
1180.0 0
1190.0 5
1200.0 0
1210.0 0
1220.0 0
1230.0 0
1240.0 0
1250.0 0
1260.0 0
1270.0 0
1280.0 0
1290.0 0
1300.0 0
1310.0 0
1320.0 0
1330.0 0
1340.0 0
1350.0 0
1360.0 0
1370.0 0
1380.0 0
1390.0 0
1400.0 0
1410.0 0
1420.0 0
1430.0 0
1440.0 0
1450.0 0
1460.0 0
1470.0 0
1480.0 0
1490.0 0
