0.0 160
10.0 179
20.0 258
30.0 294
40.0 390
50.0 421
60.0 463
70.0 592
80.0 645
90.0 745
100.0 842
110.0 922
120.0 1051
130.0 1107
140.0 1167
150.0 1259
160.0 1329
170.0 1392
180.0 1430
190.0 1464
200.0 1539
210.0 1550
220.0 1536
230.0 1453
240.0 1554
250.0 1442
260.0 1410
270.0 1470
280.0 1399
290.0 1365
300.0 1370
310.0 1291
320.0 1324
330.0 1434
340.0 1406
350.0 1441
360.0 1534
370.0 1546
380.0 1572
390.0 1628
400.0 1707
410.0 1713
420.0 1850
430.0 1931
440.0 1945
450.0 2027
460.0 2001
470.0 2007
480.0 1982
490.0 1945
500.0 1904
510.0 1939
520.0 1679
530.0 1584
540.0 1465
550.0 1333
560.0 1216
570.0 1026
580.0 887
590.0 802
600.0 710
610.0 560
620.0 468
630.0 375
640.0 286
650.0 233
660.0 187
670.0 138
680.0 111
690.0 70
700.0 54
710.0 38
720.0 38
730.0 27
740.0 6
750.0 5
760.0 9
770.0 6
780.0 2
790.0 3
800.0 1
810.0 1
820.0 0
830.0 0
840.0 1
850.0 0
860.0 0
870.0 0
880.0 0
890.0 0
900.0 0
910.0 0
920.0 0
930.0 0
940.0 0
950.0 0
960.0 0
970.0 0
980.0 0
990.0 0
1000.0 0
1010.0 0
1020.0 0
1030.0 0
1040.0 0
1050.0 0
1060.0 0
1070.0 0
1080.0 0
1090.0 0
1100.0 0
1110.0 0
1120.0 0
1130.0 0
1140.0 0
1150.0 0
1160.0 0
1170.0 0
1180.0 0
1190.0 0
1200.0 0
1210.0 0
1220.0 0
1230.0 0
1240.0 0
1250.0 0
1260.0 0
1270.0 0
1280.0 0
1290.0 0
1300.0 0
1310.0 0
1320.0 0
1330.0 0
1340.0 0
1350.0 0
1360.0 0
1370.0 0
1380.0 0
1390.0 0
1400.0 0
1410.0 0
1420.0 0
1430.0 0
1440.0 0
1450.0 0
1460.0 0
1470.0 0
1480.0 0
1490.0 0
