0.0 85
10.0 120
20.0 145
30.0 178
40.0 198
50.0 217
60.0 306
70.0 327
80.0 378
90.0 467
100.0 500
110.0 591
120.0 668
130.0 775
140.0 808
150.0 940
160.0 963
170.0 993
180.0 983
190.0 1130
200.0 1156
210.0 1113
220.0 1204
230.0 1183
240.0 1167
250.0 1165
260.0 1201
270.0 1214
280.0 1200
290.0 1149
300.0 1145
310.0 1152
320.0 1101
330.0 1047
340.0 1093
350.0 1157
360.0 1117
370.0 1132
380.0 1181
390.0 1253
400.0 1240
410.0 1423
420.0 1450
430.0 1531
440.0 1548
450.0 1743
460.0 1773
470.0 1780
480.0 1910
490.0 1978
500.0 2081
510.0 2085
520.0 2009
530.0 2100
540.0 2008
550.0 1970
560.0 1920
570.0 1748
580.0 1669
590.0 1560
600.0 1391
610.0 1260
620.0 1144
630.0 937
640.0 792
650.0 720
660.0 581
670.0 495
680.0 413
690.0 277
700.0 212
710.0 190
720.0 139
730.0 108
740.0 86
750.0 50
760.0 48
770.0 29
780.0 17
790.0 20
800.0 9
810.0 4
820.0 2
830.0 3
840.0 2
850.0 4
860.0 0
870.0 0
880.0 2
890.0 0
900.0 0
910.0 0
920.0 0
930.0 0
940.0 0
950.0 0
960.0 0
970.0 0
980.0 0
990.0 0
1000.0 0
1010.0 0
1020.0 0
1030.0 0
1040.0 0
1050.0 0
1060.0 0
1070.0 0
1080.0 0
1090.0 0
1100.0 0
1110.0 0
1120.0 0
1130.0 0
1140.0 0
1150.0 0
1160.0 0
1170.0 0
1180.0 0
1190.0 0
1200.0 0
1210.0 0
1220.0 0
1230.0 0
1240.0 0
1250.0 0
1260.0 0
1270.0 0
1280.0 0
1290.0 0
1300.0 0
1310.0 0
1320.0 0
1330.0 0
1340.0 0
1350.0 0
1360.0 0
1370.0 0
1380.0 0
1390.0 0
1400.0 0
1410.0 0
1420.0 0
1430.0 0
1440.0 0
1450.0 0
1460.0 0
1470.0 0
1480.0 0
1490.0 0
