0.0 52
10.0 55
20.0 89
30.0 93
40.0 125
50.0 152
60.0 162
70.0 236
80.0 257
90.0 297
100.0 317
110.0 397
120.0 461
130.0 495
140.0 560
150.0 637
160.0 663
170.0 743
180.0 812
190.0 821
200.0 875
210.0 887
220.0 972
230.0 957
240.0 1005
250.0 979
260.0 1041
270.0 1007
280.0 1069
290.0 1047
300.0 1000
310.0 954
320.0 948
330.0 995
340.0 952
350.0 967
360.0 971
370.0 910
380.0 920
390.0 940
400.0 977
410.0 1017
420.0 1073
430.0 1185
440.0 1166
450.0 1222
460.0 1298
470.0 1401
480.0 1600
490.0 1665
500.0 1730
510.0 1888
520.0 2010
530.0 2015
540.0 2126
550.0 2287
560.0 2326
570.0 2344
580.0 2359
590.0 2285
600.0 2293
610.0 2191
620.0 2007
630.0 2007
640.0 1783
650.0 1645
660.0 1469
670.0 1300
680.0 1159
690.0 1047
700.0 850
710.0 681
720.0 566
730.0 487
740.0 381
750.0 263
760.0 209
770.0 171
780.0 137
790.0 97
800.0 63
810.0 61
820.0 39
830.0 18
840.0 11
850.0 18
860.0 7
870.0 12
880.0 3
890.0 1
900.0 1
910.0 2
920.0 0
930.0 0
940.0 1
950.0 0
960.0 0
970.0 0
980.0 0
990.0 0
1000.0 0
1010.0 0
1020.0 0
1030.0 0
1040.0 0
1050.0 0
1060.0 0
1070.0 0
1080.0 0
1090.0 0
1100.0 0
1110.0 0
1120.0 0
1130.0 0
1140.0 0
1150.0 0
1160.0 0
1170.0 0
1180.0 0
1190.0 0
1200.0 0
1210.0 0
1220.0 0
1230.0 0
1240.0 0
1250.0 0
1260.0 0
1270.0 0
1280.0 0
1290.0 0
1300.0 0
1310.0 0
1320.0 0
1330.0 0
1340.0 0
1350.0 0
1360.0 0
1370.0 0
1380.0 0
1390.0 0
1400.0 0
1410.0 0
1420.0 0
1430.0 0
1440.0 0
1450.0 0
1460.0 0
1470.0 0
1480.0 0
1490.0 0
