0.0 74
10.0 109
20.0 109
30.0 146
40.0 197
50.0 240
60.0 279
70.0 301
80.0 394
90.0 431
100.0 475
110.0 537
120.0 637
130.0 696
140.0 772
150.0 843
160.0 838
170.0 892
180.0 1016
190.0 1039
200.0 1085
210.0 1151
220.0 1108
230.0 1199
240.0 1168
250.0 1182
260.0 1070
270.0 1119
280.0 1133
290.0 1105
300.0 1051
310.0 1037
320.0 1021
330.0 1042
340.0 998
350.0 1022
360.0 1012
370.0 1066
380.0 1139
390.0 1230
400.0 1232
410.0 1330
420.0 1421
430.0 1561
440.0 1560
450.0 1623
460.0 1802
470.0 1879
480.0 1893
490.0 1953
500.0 2140
510.0 2185
520.0 2181
530.0 2191
540.0 2169
550.0 2106
560.0 2069
570.0 2009
580.0 1750
590.0 1698
600.0 1490
610.0 1277
620.0 1173
630.0 1073
640.0 814
650.0 777
660.0 611
670.0 564
680.0 418
690.0 363
700.0 266
710.0 215
720.0 153
730.0 120
740.0 104
750.0 78
760.0 48
770.0 31
780.0 24
790.0 13
800.0 7
810.0 9
820.0 5
830.0 4
840.0 2
850.0 5
860.0 1
870.0 1
880.0 0
890.0 0
900.0 0
910.0 0
920.0 0
930.0 0
940.0 0
950.0 0
960.0 0
970.0 0
980.0 0
990.0 0
1000.0 0
1010.0 0
1020.0 0
1030.0 0
1040.0 0
1050.0 0
1060.0 0
1070.0 0
1080.0 0
1090.0 0
1100.0 0
1110.0 0
1120.0 0
1130.0 0
1140.0 0
1150.0 0
1160.0 0
1170.0 0
1180.0 0
1190.0 0
1200.0 0
1210.0 0
1220.0 0
1230.0 0
1240.0 0
1250.0 0
1260.0 0
1270.0 0
1280.0 0
1290.0 0
1300.0 0
1310.0 0
1320.0 0
1330.0 0
1340.0 0
1350.0 0
1360.0 0
1370.0 0
1380.0 0
1390.0 0
1400.0 0
1410.0 0
1420.0 0
1430.0 0
1440.0 0
1450.0 0
1460.0 0
1470.0 0
1480.0 0
1490.0 0
