0.0 38
10.0 55
20.0 52
30.0 91
40.0 108
50.0 119
60.0 135
70.0 155
80.0 180
90.0 218
100.0 258
110.0 271
120.0 331
130.0 392
140.0 449
150.0 464
160.0 554
170.0 567
180.0 625
190.0 675
200.0 688
210.0 796
220.0 786
230.0 836
240.0 835
250.0 881
260.0 947
270.0 946
280.0 933
290.0 942
300.0 982
310.0 957
320.0 941
330.0 930
340.0 982
350.0 951
360.0 890
370.0 969
380.0 923
390.0 935
400.0 1007
410.0 959
420.0 1023
430.0 990
440.0 1007
450.0 996
460.0 1068
470.0 1208
480.0 1156
490.0 1342
500.0 1354
510.0 1389
520.0 1480
530.0 1644
540.0 1682
550.0 1817
560.0 1969
570.0 2118
580.0 2146
590.0 2190
600.0 2255
610.0 2364
620.0 2333
630.0 2461
640.0 2289
650.0 2190
660.0 2164
670.0 2039
680.0 1975
690.0 1830
700.0 1602
710.0 1477
720.0 1295
730.0 1124
740.0 963
750.0 806
760.0 677
770.0 569
780.0 446
790.0 360
800.0 260
810.0 201
820.0 158
830.0 126
840.0 77
850.0 65
860.0 44
870.0 38
880.0 27
890.0 16
900.0 16
910.0 10
920.0 3
930.0 5
940.0 1
950.0 1
960.0 1
970.0 0
980.0 0
990.0 1
1000.0 0
1010.0 0
1020.0 0
1030.0 0
1040.0 0
1050.0 0
1060.0 0
1070.0 0
1080.0 0
1090.0 0
1100.0 0
1110.0 0
1120.0 0
1130.0 0
1140.0 0
1150.0 0
1160.0 0
1170.0 0
1180.0 0
1190.0 0
1200.0 0
1210.0 0
1220.0 0
1230.0 0
1240.0 0
1250.0 0
1260.0 0
1270.0 0
1280.0 0
1290.0 0
1300.0 0
1310.0 0
1320.0 0
1330.0 0
1340.0 0
1350.0 0
1360.0 0
1370.0 0
1380.0 0
1390.0 0
1400.0 0
1410.0 0
1420.0 0
1430.0 0
1440.0 0
1450.0 0
1460.0 0
1470.0 0
1480.0 0
1490.0 0
