0.0 63
10.0 85
20.0 90
30.0 107
40.0 129
50.0 139
60.0 216
70.0 244
80.0 262
90.0 298
100.0 360
110.0 401
120.0 477
130.0 490
140.0 569
150.0 619
160.0 693
170.0 732
180.0 773
190.0 818
200.0 897
210.0 929
220.0 1000
230.0 1026
240.0 1018
250.0 1029
260.0 1013
270.0 1064
280.0 1038
290.0 1058
300.0 1029
310.0 1043
320.0 1051
330.0 974
340.0 1020
350.0 947
360.0 964
370.0 994
380.0 982
390.0 1058
400.0 1034
410.0 1041
420.0 1142
430.0 1233
440.0 1204
450.0 1273
460.0 1342
470.0 1468
480.0 1511
490.0 1704
500.0 1711
510.0 1896
520.0 2017
530.0 2049
540.0 2109
550.0 2242
560.0 2212
570.0 2331
580.0 2199
590.0 2249
600.0 2119
610.0 2116
620.0 1980
630.0 1956
640.0 1705
650.0 1542
660.0 1453
670.0 1291
680.0 1076
690.0 972
700.0 793
710.0 664
720.0 515
730.0 450
740.0 339
750.0 283
760.0 251
770.0 170
780.0 136
790.0 93
800.0 67
810.0 46
820.0 36
830.0 30
840.0 17
850.0 9
860.0 6
870.0 3
880.0 6
890.0 0
900.0 1
910.0 1
920.0 0
930.0 0
940.0 0
950.0 0
960.0 0
970.0 0
980.0 0
990.0 0
1000.0 0
1010.0 0
1020.0 0
1030.0 0
1040.0 0
1050.0 0
1060.0 0
1070.0 0
1080.0 0
1090.0 0
1100.0 0
1110.0 0
1120.0 0
1130.0 0
1140.0 0
1150.0 0
1160.0 0
1170.0 0
1180.0 0
1190.0 0
1200.0 0
1210.0 0
1220.0 0
1230.0 0
1240.0 0
1250.0 0
1260.0 0
1270.0 0
1280.0 0
1290.0 0
1300.0 0
1310.0 0
1320.0 0
1330.0 0
1340.0 0
1350.0 0
1360.0 0
1370.0 0
1380.0 0
1390.0 0
1400.0 0
1410.0 0
1420.0 0
1430.0 0
1440.0 0
1450.0 0
1460.0 0
1470.0 0
1480.0 0
1490.0 0
