0.0 7
10.0 15
20.0 14
30.0 11
40.0 24
50.0 20
60.0 13
70.0 28
80.0 34
90.0 39
100.0 41
110.0 59
120.0 61
130.0 67
140.0 64
150.0 80
160.0 80
170.0 120
180.0 131
190.0 124
200.0 168
210.0 178
220.0 192
230.0 231
240.0 241
250.0 229
260.0 265
270.0 289
280.0 320
290.0 353
300.0 387
310.0 405
320.0 431
330.0 439
340.0 456
350.0 472
360.0 467
370.0 494
380.0 535
390.0 538
400.0 557
410.0 547
420.0 537
430.0 517
440.0 633
450.0 590
460.0 605
470.0 638
480.0 635
490.0 594
500.0 658
510.0 646
520.0 674
530.0 656
540.0 684
550.0 658
560.0 688
570.0 656
580.0 678
590.0 690
600.0 701
610.0 731
620.0 713
630.0 733
640.0 766
650.0 787
660.0 818
670.0 801
680.0 855
690.0 905
700.0 932
710.0 978
720.0 1136
730.0 1206
740.0 1249
750.0 1403
760.0 1430
770.0 1608
780.0 1775
790.0 1827
800.0 2081
810.0 2214
820.0 2375
830.0 2486
840.0 2683
850.0 2682
860.0 2724
870.0 2919
880.0 2880
890.0 2849
900.0 2739
910.0 2616
920.0 2544
930.0 2381
940.0 2222
950.0 1969
960.0 1782
970.0 1566
980.0 1390
990.0 1182
1000.0 967
1010.0 879
1020.0 672
1030.0 585
1040.0 444
1050.0 353
1060.0 248
1070.0 155
1080.0 162
1090.0 108
1100.0 94
1110.0 60
1120.0 46
1130.0 22
1140.0 20
1150.0 16
1160.0 7
1170.0 3
1180.0 2
1190.0 1
1200.0 3
1210.0 2
1220.0 1
1230.0 0
1240.0 0
1250.0 0
1260.0 0
1270.0 0
1280.0 1
1290.0 0
1300.0 0
1310.0 0
1320.0 0
1330.0 0
1340.0 0
1350.0 0
1360.0 0
1370.0 0
1380.0 0
1390.0 0
1400.0 0
1410.0 0
1420.0 0
1430.0 0
1440.0 0
1450.0 0
1460.0 0
1470.0 0
1480.0 0
1490.0 0
