0.0 74
10.0 85
20.0 92
30.0 109
40.0 136
50.0 194
60.0 175
70.0 230
80.0 276
90.0 338
100.0 397
110.0 444
120.0 497
130.0 513
140.0 603
150.0 678
160.0 675
170.0 788
180.0 826
190.0 872
200.0 915
210.0 1007
220.0 977
230.0 992
240.0 1052
250.0 1035
260.0 1063
270.0 1084
280.0 1113
290.0 1076
300.0 1039
310.0 1095
320.0 1056
330.0 1064
340.0 1003
350.0 1009
360.0 1016
370.0 1094
380.0 1103
390.0 1065
400.0 1046
410.0 1134
420.0 1224
430.0 1160
440.0 1278
450.0 1364
460.0 1363
470.0 1492
480.0 1571
490.0 1728
500.0 1673
510.0 1872
520.0 1981
530.0 2105
540.0 2214
550.0 2219
560.0 2173
570.0 2236
580.0 2208
590.0 2082
600.0 2081
610.0 2000
620.0 1853
630.0 1763
640.0 1597
650.0 1430
660.0 1318
670.0 1130
680.0 1025
690.0 874
700.0 794
710.0 644
720.0 516
730.0 398
740.0 335
750.0 244
760.0 195
770.0 148
780.0 110
790.0 87
800.0 57
810.0 50
820.0 39
830.0 13
840.0 25
850.0 16
860.0 7
870.0 4
880.0 4
890.0 3
900.0 2
910.0 0
920.0 0
930.0 1
940.0 1
950.0 0
960.0 0
970.0 0
980.0 0
990.0 0
1000.0 0
1010.0 0
1020.0 0
1030.0 0
1040.0 0
1050.0 0
1060.0 0
1070.0 0
1080.0 0
1090.0 0
1100.0 0
1110.0 0
1120.0 0
1130.0 0
1140.0 0
1150.0 0
1160.0 0
1170.0 0
1180.0 0
1190.0 0
1200.0 0
1210.0 0
1220.0 0
1230.0 0
1240.0 0
1250.0 0
1260.0 0
1270.0 0
1280.0 0
1290.0 0
1300.0 0
1310.0 0
1320.0 0
1330.0 0
1340.0 0
1350.0 0
1360.0 0
1370.0 0
1380.0 0
1390.0 0
1400.0 0
1410.0 0
1420.0 0
1430.0 0
1440.0 0
1450.0 0
1460.0 0
1470.0 0
1480.0 0
1490.0 0
