0.0 44
10.0 44
20.0 67
30.0 96
40.0 92
50.0 125
60.0 141
70.0 195
80.0 213
90.0 230
100.0 260
110.0 338
120.0 377
130.0 425
140.0 464
150.0 532
160.0 540
170.0 596
180.0 678
190.0 713
200.0 721
210.0 770
220.0 895
230.0 897
240.0 871
250.0 942
260.0 964
270.0 900
280.0 990
290.0 1038
300.0 947
310.0 991
320.0 1046
330.0 1004
340.0 1009
350.0 980
360.0 1069
370.0 1030
380.0 987
390.0 968
400.0 1060
410.0 1023
420.0 1069
430.0 1065
440.0 1143
450.0 1165
460.0 1135
470.0 1239
480.0 1306
490.0 1299
500.0 1445
510.0 1500
520.0 1570
530.0 1697
540.0 1794
550.0 1877
560.0 1994
570.0 2060
580.0 2104
590.0 2114
600.0 2197
610.0 2279
620.0 2214
630.0 2250
640.0 2149
650.0 2100
660.0 2050
670.0 1828
680.0 1747
690.0 1670
700.0 1458
710.0 1311
720.0 1112
730.0 1020
740.0 883
750.0 735
760.0 581
770.0 464
780.0 383
790.0 329
800.0 250
810.0 217
820.0 146
830.0 107
840.0 78
850.0 67
860.0 42
870.0 27
880.0 19
890.0 9
900.0 7
910.0 7
920.0 7
930.0 2
940.0 3
950.0 0
960.0 1
970.0 0
980.0 0
990.0 0
1000.0 0
1010.0 0
1020.0 0
1030.0 0
1040.0 0
1050.0 0
1060.0 0
1070.0 0
1080.0 0
1090.0 0
1100.0 0
1110.0 0
1120.0 0
1130.0 0
1140.0 0
1150.0 0
1160.0 0
1170.0 0
1180.0 0
1190.0 0
1200.0 0
1210.0 0
1220.0 0
1230.0 0
1240.0 0
1250.0 0
1260.0 0
1270.0 0
1280.0 0
1290.0 0
1300.0 0
1310.0 0
1320.0 0
1330.0 0
1340.0 0
1350.0 0
1360.0 0
1370.0 0
1380.0 0
1390.0 0
1400.0 0
1410.0 0
1420.0 0
1430.0 0
1440.0 0
1450.0 0
1460.0 0
1470.0 0
1480.0 0
1490.0 0
