0.0 55
10.0 44
20.0 53
30.0 76
40.0 87
50.0 118
60.0 149
70.0 174
80.0 151
90.0 221
100.0 239
110.0 286
120.0 336
130.0 381
140.0 440
150.0 470
160.0 497
170.0 602
180.0 652
190.0 656
200.0 718
210.0 735
220.0 757
230.0 857
240.0 858
250.0 854
260.0 923
270.0 932
280.0 914
290.0 931
300.0 967
310.0 1012
320.0 944
330.0 930
340.0 966
350.0 942
360.0 953
370.0 942
380.0 939
390.0 961
400.0 940
410.0 1004
420.0 968
430.0 1017
440.0 977
450.0 1100
460.0 1093
470.0 1103
480.0 1220
490.0 1270
500.0 1386
510.0 1460
520.0 1573
530.0 1663
540.0 1650
550.0 1796
560.0 1923
570.0 2117
580.0 2146
590.0 2223
600.0 2353
610.0 2353
620.0 2353
630.0 2330
640.0 2312
650.0 2280
660.0 2198
670.0 2080
680.0 1865
690.0 1744
700.0 1609
710.0 1483
720.0 1302
730.0 1115
740.0 978
750.0 804
760.0 677
770.0 556
780.0 456
790.0 359
800.0 256
810.0 215
820.0 152
830.0 115
840.0 98
850.0 63
860.0 40
870.0 27
880.0 25
890.0 20
900.0 10
910.0 11
920.0 7
930.0 3
940.0 1
950.0 2
960.0 0
970.0 1
980.0 0
990.0 0
1000.0 1
1010.0 1
1020.0 0
1030.0 0
1040.0 0
1050.0 0
1060.0 0
1070.0 0
1080.0 0
1090.0 0
1100.0 0
1110.0 0
1120.0 0
1130.0 0
1140.0 0
1150.0 0
1160.0 0
1170.0 0
1180.0 0
1190.0 0
1200.0 0
1210.0 0
1220.0 0
1230.0 0
1240.0 0
1250.0 0
1260.0 0
1270.0 0
1280.0 0
1290.0 0
1300.0 0
1310.0 0
1320.0 0
1330.0 0
1340.0 0
1350.0 0
1360.0 0
1370.0 0
1380.0 0
1390.0 0
1400.0 0
1410.0 0
1420.0 0
1430.0 0
1440.0 0
1450.0 0
1460.0 0
1470.0 0
1480.0 0
1490.0 0
