0.0 66
10.0 102
20.0 94
30.0 124
40.0 149
50.0 187
60.0 216
70.0 266
80.0 333
90.0 381
100.0 398
110.0 453
120.0 488
130.0 588
140.0 663
150.0 683
160.0 730
170.0 818
180.0 838
190.0 890
200.0 909
210.0 965
220.0 1117
230.0 1098
240.0 1022
250.0 1068
260.0 1129
270.0 1111
280.0 1128
290.0 1193
300.0 1075
310.0 1147
320.0 1081
330.0 1114
340.0 1100
350.0 1138
360.0 1088
370.0 1116
380.0 1060
390.0 1183
400.0 1181
410.0 1196
420.0 1265
430.0 1299
440.0 1386
450.0 1392
460.0 1391
470.0 1547
480.0 1696
490.0 1717
500.0 1844
510.0 1856
520.0 1901
530.0 1911
540.0 2113
550.0 2039
560.0 2094
570.0 2094
580.0 2155
590.0 2002
600.0 2026
610.0 1884
620.0 1766
630.0 1688
640.0 1513
650.0 1307
660.0 1179
670.0 1060
680.0 1008
690.0 774
700.0 658
710.0 553
720.0 446
730.0 345
740.0 284
750.0 217
760.0 173
770.0 137
780.0 97
790.0 60
800.0 49
810.0 49
820.0 33
830.0 14
840.0 16
850.0 11
860.0 4
870.0 6
880.0 0
890.0 1
900.0 0
910.0 0
920.0 0
930.0 0
940.0 1
950.0 0
960.0 0
970.0 0
980.0 0
990.0 0
1000.0 0
1010.0 0
1020.0 0
1030.0 0
1040.0 0
1050.0 0
1060.0 0
1070.0 0
1080.0 0
1090.0 0
1100.0 0
1110.0 0
1120.0 0
1130.0 0
1140.0 0
1150.0 0
1160.0 0
1170.0 0
1180.0 0
1190.0 0
1200.0 0
1210.0 0
1220.0 0
1230.0 0
1240.0 0
1250.0 0
1260.0 0
1270.0 0
1280.0 0
1290.0 0
1300.0 0
1310.0 0
1320.0 0
1330.0 0
1340.0 0
1350.0 0
1360.0 0
1370.0 0
1380.0 0
1390.0 0
1400.0 0
1410.0 0
1420.0 0
1430.0 0
1440.0 0
1450.0 0
1460.0 0
1470.0 0
1480.0 0
1490.0 0
