0.0 38
10.0 50
20.0 50
30.0 65
40.0 82
50.0 103
60.0 108
70.0 159
80.0 185
90.0 205
100.0 240
110.0 300
120.0 315
130.0 359
140.0 369
150.0 432
160.0 498
170.0 557
180.0 649
190.0 662
200.0 687
210.0 727
220.0 774
230.0 843
240.0 869
250.0 863
260.0 886
270.0 903
280.0 836
290.0 847
300.0 897
310.0 954
320.0 911
330.0 863
340.0 926
350.0 859
360.0 833
370.0 912
380.0 892
390.0 852
400.0 920
410.0 898
420.0 891
430.0 940
440.0 963
450.0 968
460.0 1019
470.0 1108
480.0 1128
490.0 1240
500.0 1359
510.0 1391
520.0 1515
530.0 1649
540.0 1724
550.0 1784
560.0 1946
570.0 2082
580.0 2220
590.0 2374
600.0 2274
610.0 2540
620.0 2466
630.0 2424
640.0 2505
650.0 2325
660.0 2298
670.0 2091
680.0 2064
690.0 1916
700.0 1765
710.0 1546
720.0 1377
730.0 1157
740.0 984
750.0 843
760.0 704
770.0 558
780.0 474
790.0 380
800.0 307
810.0 262
820.0 166
830.0 134
840.0 100
850.0 98
860.0 68
870.0 41
880.0 27
890.0 23
900.0 16
910.0 6
920.0 6
930.0 6
940.0 1
950.0 1
960.0 1
970.0 0
980.0 0
990.0 0
1000.0 0
1010.0 0
1020.0 0
1030.0 0
1040.0 0
1050.0 0
1060.0 0
1070.0 0
1080.0 0
1090.0 0
1100.0 0
1110.0 0
1120.0 0
1130.0 0
1140.0 0
1150.0 0
1160.0 0
1170.0 0
1180.0 0
1190.0 0
1200.0 0
1210.0 0
1220.0 0
1230.0 0
1240.0 0
1250.0 0
1260.0 0
1270.0 0
1280.0 0
1290.0 0
1300.0 0
1310.0 0
1320.0 0
1330.0 0
1340.0 0
1350.0 0
1360.0 0
1370.0 0
1380.0 0
1390.0 0
1400.0 0
1410.0 0
1420.0 0
1430.0 0
1440.0 0
1450.0 0
1460.0 0
1470.0 0
1480.0 0
1490.0 0
