0.0 22
10.0 30
20.0 25
30.0 51
40.0 56
50.0 57
60.0 61
70.0 104
80.0 107
90.0 140
100.0 143
110.0 170
120.0 203
130.0 242
140.0 258
150.0 316
160.0 352
170.0 431
180.0 423
190.0 451
200.0 529
210.0 533
220.0 578
230.0 642
240.0 694
250.0 675
260.0 705
270.0 741
280.0 721
290.0 749
300.0 740
310.0 783
320.0 759
330.0 750
340.0 752
350.0 732
360.0 806
370.0 765
380.0 763
390.0 768
400.0 802
410.0 762
420.0 730
430.0 769
440.0 807
450.0 780
460.0 741
470.0 744
480.0 823
490.0 866
500.0 831
510.0 985
520.0 1003
530.0 1091
540.0 1144
550.0 1280
560.0 1420
570.0 1534
580.0 1605
590.0 1848
600.0 1953
610.0 2035
620.0 2190
630.0 2312
640.0 2346
650.0 2563
660.0 2535
670.0 2708
680.0 2752
690.0 2660
700.0 2640
710.0 2576
720.0 2487
730.0 2302
740.0 2022
750.0 1925
760.0 1734
770.0 1492
780.0 1366
790.0 1163
800.0 979
810.0 855
820.0 706
830.0 566
840.0 476
850.0 333
860.0 303
870.0 196
880.0 159
890.0 133
900.0 66
910.0 56
920.0 45
930.0 20
940.0 18
950.0 13
960.0 6
970.0 5
980.0 2
990.0 2
1000.0 0
1010.0 0
1020.0 1
1030.0 0
1040.0 0
1050.0 0
1060.0 1
1070.0 0
1080.0 0
1090.0 0
1100.0 0
1110.0 0
1120.0 0
1130.0 0
1140.0 0
1150.0 0
1160.0 0
1170.0 0
1180.0 0
1190.0 0
1200.0 0
1210.0 0
1220.0 0
1230.0 0
1240.0 0
1250.0 0
1260.0 0
1270.0 0
1280.0 0
1290.0 0
1300.0 0
1310.0 0
1320.0 0
1330.0 0
1340.0 0
1350.0 0
1360.0 0
1370.0 0
1380.0 0
1390.0 0
1400.0 0
1410.0 0
1420.0 0
1430.0 0
1440.0 0
1450.0 0
1460.0 0
1470.0 0
1480.0 0
1490.0 0
