0.0 20
10.0 12
20.0 13
30.0 15
40.0 31
50.0 30
60.0 36
70.0 38
80.0 47
90.0 49
100.0 55
110.0 90
120.0 94
130.0 117
140.0 126
150.0 148
160.0 151
170.0 172
180.0 206
190.0 214
200.0 289
210.0 304
220.0 348
230.0 381
240.0 374
250.0 389
260.0 472
270.0 447
280.0 534
290.0 496
300.0 523
310.0 559
320.0 599
330.0 585
340.0 601
350.0 600
360.0 634
370.0 631
380.0 614
390.0 625
400.0 597
410.0 643
420.0 639
430.0 679
440.0 646
450.0 612
460.0 659
470.0 663
480.0 614
490.0 654
500.0 700
510.0 670
520.0 699
530.0 650
540.0 704
550.0 711
560.0 681
570.0 688
580.0 762
590.0 795
600.0 865
610.0 881
620.0 954
630.0 1080
640.0 1160
650.0 1286
660.0 1414
670.0 1574
680.0 1669
690.0 1864
700.0 1985
710.0 2076
720.0 2343
730.0 2484
740.0 2651
750.0 2710
760.0 2824
770.0 2949
780.0 3045
790.0 2959
800.0 2880
810.0 2729
820.0 2645
830.0 2454
840.0 2336
850.0 2136
860.0 1839
870.0 1724
880.0 1485
890.0 1285
900.0 1133
910.0 874
920.0 772
930.0 594
940.0 447
950.0 385
960.0 319
970.0 218
980.0 170
990.0 124
1000.0 97
1010.0 63
1020.0 42
1030.0 26
1040.0 24
1050.0 25
1060.0 9
1070.0 8
1080.0 2
1090.0 1
1100.0 2
1110.0 1
1120.0 1
1130.0 0
1140.0 0
1150.0 0
1160.0 0
1170.0 0
1180.0 0
1190.0 0
1200.0 0
1210.0 0
1220.0 0
1230.0 0
1240.0 0
1250.0 0
1260.0 0
1270.0 0
1280.0 0
1290.0 0
1300.0 0
1310.0 0
1320.0 0
1330.0 0
1340.0 0
1350.0 0
1360.0 0
1370.0 0
1380.0 0
1390.0 0
1400.0 0
1410.0 0
1420.0 0
1430.0 0
1440.0 0
1450.0 0
1460.0 0
1470.0 0
1480.0 0
1490.0 0
