0.0 12
10.0 11
20.0 11
30.0 17
40.0 19
50.0 21
60.0 25
70.0 39
80.0 45
90.0 44
100.0 46
110.0 64
120.0 74
130.0 91
140.0 99
150.0 122
160.0 139
170.0 155
180.0 163
190.0 217
200.0 247
210.0 244
220.0 289
230.0 296
240.0 347
250.0 350
260.0 374
270.0 393
280.0 459
290.0 417
300.0 441
310.0 476
320.0 526
330.0 485
340.0 560
350.0 590
360.0 591
370.0 595
380.0 603
390.0 579
400.0 652
410.0 642
420.0 620
430.0 708
440.0 669
450.0 674
460.0 690
470.0 680
480.0 662
490.0 695
500.0 694
510.0 674
520.0 701
530.0 763
540.0 725
550.0 659
560.0 773
570.0 748
580.0 767
590.0 772
600.0 749
610.0 820
620.0 859
630.0 863
640.0 949
650.0 956
660.0 1011
670.0 1095
680.0 1219
690.0 1262
700.0 1292
710.0 1454
720.0 1622
730.0 1744
740.0 1903
750.0 2093
760.0 2101
770.0 2414
780.0 2478
790.0 2650
800.0 2645
810.0 2790
820.0 2743
830.0 2774
840.0 2758
850.0 2701
860.0 2665
870.0 2467
880.0 2328
890.0 2065
900.0 1955
910.0 1700
920.0 1506
930.0 1365
940.0 1091
950.0 973
960.0 815
970.0 660
980.0 530
990.0 406
1000.0 327
1010.0 266
1020.0 203
1030.0 146
1040.0 110
1050.0 96
1060.0 56
1070.0 38
1080.0 21
1090.0 20
1100.0 22
1110.0 4
1120.0 6
1130.0 5
1140.0 4
1150.0 4
1160.0 0
1170.0 0
1180.0 1
1190.0 0
1200.0 0
1210.0 0
1220.0 0
1230.0 0
1240.0 0
1250.0 0
1260.0 0
1270.0 0
1280.0 0
1290.0 0
1300.0 0
1310.0 0
1320.0 0
1330.0 0
1340.0 0
1350.0 0
1360.0 0
1370.0 0
1380.0 0
1390.0 0
1400.0 0
1410.0 0
1420.0 0
1430.0 0
1440.0 0
1450.0 0
1460.0 0
1470.0 0
1480.0 0
1490.0 0
