0.0 15
10.0 14
20.0 31
30.0 37
40.0 32
50.0 54
60.0 71
70.0 53
80.0 75
90.0 85
100.0 112
110.0 134
120.0 165
130.0 164
140.0 201
150.0 231
160.0 241
170.0 301
180.0 324
190.0 400
200.0 418
210.0 404
220.0 468
230.0 512
240.0 533
250.0 583
260.0 593
270.0 635
280.0 653
290.0 697
300.0 680
310.0 715
320.0 763
330.0 788
340.0 746
350.0 718
360.0 743
370.0 776
380.0 784
390.0 812
400.0 799
410.0 823
420.0 759
430.0 812
440.0 792
450.0 811
460.0 867
470.0 837
480.0 878
490.0 828
500.0 888
510.0 853
520.0 887
530.0 908
540.0 959
550.0 987
560.0 1048
570.0 1113
580.0 1202
590.0 1291
600.0 1295
610.0 1498
620.0 1637
630.0 1611
640.0 1786
650.0 1939
660.0 2155
670.0 2228
680.0 2334
690.0 2519
700.0 2497
710.0 2596
720.0 2683
730.0 2635
740.0 2592
750.0 2515
760.0 2480
770.0 2266
780.0 2201
790.0 1958
800.0 1837
810.0 1606
820.0 1386
830.0 1169
840.0 1071
850.0 886
860.0 719
870.0 642
880.0 514
890.0 381
900.0 337
910.0 234
920.0 182
930.0 127
940.0 106
950.0 80
960.0 67
970.0 29
980.0 34
990.0 16
1000.0 14
1010.0 6
1020.0 4
1030.0 4
1040.0 1
1050.0 2
1060.0 2
1070.0 1
1080.0 0
1090.0 0
1100.0 0
1110.0 0
1120.0 0
1130.0 0
1140.0 0
1150.0 0
1160.0 0
1170.0 0
1180.0 0
1190.0 0
1200.0 0
1210.0 0
1220.0 0
1230.0 0
1240.0 0
1250.0 0
1260.0 0
1270.0 0
1280.0 0
1290.0 0
1300.0 0
1310.0 0
1320.0 0
1330.0 0
1340.0 0
1350.0 0
1360.0 0
1370.0 0
1380.0 0
1390.0 0
1400.0 0
1410.0 0
1420.0 0
1430.0 0
1440.0 0
1450.0 0
1460.0 0
1470.0 0
1480.0 0
1490.0 0
