0.0 48
10.0 61
20.0 67
30.0 81
40.0 107
50.0 116
60.0 159
70.0 178
80.0 218
90.0 246
100.0 311
110.0 292
120.0 358
130.0 398
140.0 423
150.0 508
160.0 578
170.0 618
180.0 667
190.0 685
200.0 746
210.0 798
220.0 834
230.0 857
240.0 880
250.0 949
260.0 969
270.0 971
280.0 953
290.0 976
300.0 1055
310.0 996
320.0 1010
330.0 1002
340.0 1011
350.0 1037
360.0 972
370.0 1006
380.0 1004
390.0 1068
400.0 1043
410.0 1074
420.0 992
430.0 1093
440.0 1142
450.0 1156
460.0 1189
470.0 1188
480.0 1293
490.0 1289
500.0 1349
510.0 1436
520.0 1525
530.0 1618
540.0 1751
550.0 1927
560.0 2000
570.0 2032
580.0 2103
590.0 2142
600.0 2162
610.0 2184
620.0 2264
630.0 2245
640.0 2281
650.0 2127
660.0 1982
670.0 1842
680.0 1800
690.0 1632
700.0 1562
710.0 1321
720.0 1155
730.0 1031
740.0 837
750.0 742
760.0 605
770.0 506
780.0 406
790.0 333
800.0 243
810.0 203
820.0 156
830.0 111
840.0 87
850.0 65
860.0 54
870.0 29
880.0 31
890.0 13
900.0 10
910.0 4
920.0 7
930.0 3
940.0 1
950.0 1
960.0 0
970.0 0
980.0 0
990.0 0
1000.0 0
1010.0 0
1020.0 0
1030.0 0
1040.0 0
1050.0 0
1060.0 0
1070.0 0
1080.0 0
1090.0 0
1100.0 0
1110.0 0
1120.0 0
1130.0 0
1140.0 0
1150.0 0
1160.0 0
1170.0 0
1180.0 0
1190.0 0
1200.0 0
1210.0 0
1220.0 0
1230.0 0
1240.0 0
1250.0 0
1260.0 0
1270.0 0
1280.0 0
1290.0 0
1300.0 0
1310.0 0
1320.0 0
1330.0 0
1340.0 0
1350.0 0
1360.0 0
1370.0 0
1380.0 0
1390.0 0
1400.0 0
1410.0 0
1420.0 0
1430.0 0
1440.0 0
1450.0 0
1460.0 0
1470.0 0
1480.0 0
1490.0 0
