0.0 157
10.0 202
20.0 259
30.0 316
40.0 361
50.0 450
60.0 561
70.0 582
80.0 658
90.0 752
100.0 899
110.0 944
120.0 1080
130.0 1066
140.0 1226
150.0 1252
160.0 1390
170.0 1361
180.0 1531
190.0 1493
200.0 1543
210.0 1550
220.0 1594
230.0 1516
240.0 1545
250.0 1535
260.0 1449
270.0 1551
280.0 1418
290.0 1437
300.0 1450
310.0 1413
320.0 1388
330.0 1495
340.0 1454
350.0 1508
360.0 1465
370.0 1594
380.0 1598
390.0 1644
400.0 1733
410.0 1767
420.0 1870
430.0 1863
440.0 1959
450.0 1896
460.0 1909
470.0 2003
480.0 1953
490.0 1850
500.0 1707
510.0 1811
520.0 1642
530.0 1595
540.0 1393
550.0 1233
560.0 1143
570.0 998
580.0 842
590.0 760
600.0 618
610.0 488
620.0 440
630.0 341
640.0 271
650.0 217
660.0 176
670.0 118
680.0 79
690.0 67
700.0 65
710.0 35
720.0 30
730.0 18
740.0 11
750.0 5
760.0 8
770.0 3
780.0 1
790.0 1
800.0 0
810.0 1
820.0 1
830.0 0
840.0 0
850.0 0
860.0 0
870.0 0
880.0 0
890.0 0
900.0 0
910.0 0
920.0 0
930.0 0
940.0 0
950.0 0
960.0 0
970.0 0
980.0 0
990.0 0
1000.0 0
1010.0 0
1020.0 0
1030.0 0
1040.0 0
1050.0 0
1060.0 0
1070.0 0
1080.0 0
1090.0 0
1100.0 0
1110.0 0
1120.0 0
1130.0 0
1140.0 0
1150.0 0
1160.0 0
1170.0 0
1180.0 0
1190.0 0
1200.0 0
1210.0 0
1220.0 0
1230.0 0
1240.0 0
1250.0 0
1260.0 0
1270.0 0
1280.0 0
1290.0 0
1300.0 0
1310.0 0
1320.0 0
1330.0 0
1340.0 0
1350.0 0
1360.0 0
1370.0 0
1380.0 0
1390.0 0
1400.0 0
1410.0 0
1420.0 0
1430.0 0
1440.0 0
1450.0 0
1460.0 0
1470.0 0
1480.0 0
1490.0 0
