0.0 13
10.0 23
20.0 19
30.0 22
40.0 28
50.0 36
60.0 39
70.0 54
80.0 56
90.0 83
100.0 110
110.0 108
120.0 128
130.0 160
140.0 174
150.0 205
160.0 213
170.0 268
180.0 276
190.0 323
200.0 352
210.0 393
220.0 422
230.0 476
240.0 514
250.0 535
260.0 585
270.0 580
280.0 622
290.0 649
300.0 654
310.0 655
320.0 641
330.0 669
340.0 668
350.0 661
360.0 658
370.0 651
380.0 629
390.0 655
400.0 672
410.0 635
420.0 678
430.0 580
440.0 631
450.0 639
460.0 619
470.0 670
480.0 647
490.0 671
500.0 688
510.0 643
520.0 698
530.0 755
540.0 781
550.0 816
560.0 847
570.0 969
580.0 996
590.0 1096
600.0 1256
610.0 1334
620.0 1479
630.0 1649
640.0 1822
650.0 1933
660.0 2104
670.0 2297
680.0 2526
690.0 2686
700.0 2741
710.0 2766
720.0 2894
730.0 2947
740.0 2827
750.0 2826
760.0 2775
770.0 2694
780.0 2468
790.0 2251
800.0 2119
810.0 1929
820.0 1778
830.0 1521
840.0 1290
850.0 1081
860.0 896
870.0 772
880.0 609
890.0 482
900.0 391
910.0 287
920.0 219
930.0 174
940.0 134
950.0 89
960.0 67
970.0 46
980.0 31
990.0 24
1000.0 9
1010.0 7
1020.0 8
1030.0 2
1040.0 5
1050.0 3
1060.0 2
1070.0 1
1080.0 0
1090.0 1
1100.0 0
1110.0 0
1120.0 0
1130.0 0
1140.0 0
1150.0 0
1160.0 0
1170.0 0
1180.0 0
1190.0 0
1200.0 0
1210.0 0
1220.0 0
1230.0 0
1240.0 0
1250.0 0
1260.0 0
1270.0 0
1280.0 0
1290.0 0
1300.0 0
1310.0 0
1320.0 0
1330.0 0
1340.0 0
1350.0 0
1360.0 0
1370.0 0
1380.0 0
1390.0 0
1400.0 0
1410.0 0
1420.0 0
1430.0 0
1440.0 0
1450.0 0
1460.0 0
1470.0 0
1480.0 0
1490.0 0
