0.0 88
10.0 93
20.0 114
30.0 130
40.0 178
50.0 219
60.0 281
70.0 306
80.0 360
90.0 385
100.0 479
110.0 548
120.0 649
130.0 709
140.0 758
150.0 802
160.0 876
170.0 992
180.0 1015
190.0 1063
200.0 1083
210.0 1046
220.0 1169
230.0 1138
240.0 1156
250.0 1181
260.0 1174
270.0 1136
280.0 1110
290.0 1088
300.0 1059
310.0 1015
320.0 1078
330.0 1076
340.0 1034
350.0 1105
360.0 1062
370.0 1116
380.0 1054
390.0 1100
400.0 1191
410.0 1317
420.0 1436
430.0 1450
440.0 1539
450.0 1702
460.0 1747
470.0 1865
480.0 2001
490.0 1951
500.0 2054
510.0 2184
520.0 2121
530.0 2187
540.0 2147
550.0 2055
560.0 2062
570.0 1961
580.0 1808
590.0 1725
600.0 1549
610.0 1381
620.0 1176
630.0 1034
640.0 931
650.0 733
660.0 676
670.0 525
680.0 410
690.0 353
700.0 299
710.0 210
720.0 170
730.0 128
740.0 77
750.0 59
760.0 53
770.0 32
780.0 26
790.0 17
800.0 10
810.0 7
820.0 5
830.0 3
840.0 2
850.0 2
860.0 2
870.0 0
880.0 0
890.0 0
900.0 0
910.0 0
920.0 0
930.0 0
940.0 0
950.0 0
960.0 0
970.0 0
980.0 0
990.0 0
1000.0 0
1010.0 0
1020.0 0
1030.0 0
1040.0 0
1050.0 0
1060.0 0
1070.0 0
1080.0 0
1090.0 0
1100.0 0
1110.0 0
1120.0 0
1130.0 0
1140.0 0
1150.0 0
1160.0 0
1170.0 0
1180.0 0
1190.0 0
1200.0 0
1210.0 0
1220.0 0
1230.0 0
1240.0 0
1250.0 0
1260.0 0
1270.0 0
1280.0 0
1290.0 0
1300.0 0
1310.0 0
1320.0 0
1330.0 0
1340.0 0
1350.0 0
1360.0 0
1370.0 0
1380.0 0
1390.0 0
1400.0 0
1410.0 0
1420.0 0
1430.0 0
1440.0 0
1450.0 0
1460.0 0
1470.0 0
1480.0 0
1490.0 0
