0.0 8
10.0 10
20.0 8
30.0 19
40.0 18
50.0 6
60.0 17
70.0 18
80.0 15
90.0 22
100.0 38
110.0 30
120.0 31
130.0 38
140.0 43
150.0 69
160.0 65
170.0 76
180.0 81
190.0 111
200.0 134
210.0 153
220.0 164
230.0 194
240.0 191
250.0 235
260.0 233
270.0 295
280.0 257
290.0 351
300.0 365
310.0 371
320.0 368
330.0 392
340.0 438
350.0 398
360.0 475
370.0 481
380.0 513
390.0 467
400.0 439
410.0 516
420.0 519
430.0 498
440.0 512
450.0 515
460.0 477
470.0 493
480.0 480
490.0 478
500.0 504
510.0 515
520.0 467
530.0 487
540.0 541
550.0 467
560.0 531
570.0 530
580.0 506
590.0 496
600.0 508
610.0 566
620.0 541
630.0 549
640.0 522
650.0 581
660.0 584
670.0 588
680.0 649
690.0 706
700.0 719
710.0 832
720.0 939
730.0 964
740.0 1076
750.0 1237
760.0 1419
770.0 1514
780.0 1641
790.0 1846
800.0 2090
810.0 2232
820.0 2461
830.0 2686
840.0 2881
850.0 2959
860.0 3055
870.0 3151
880.0 3208
890.0 3235
900.0 3139
910.0 3110
920.0 2849
930.0 2728
940.0 2612
950.0 2309
960.0 2113
970.0 2010
980.0 1670
990.0 1423
1000.0 1246
1010.0 1018
1020.0 828
1030.0 685
1040.0 556
1050.0 438
1060.0 348
1070.0 260
1080.0 189
1090.0 138
1100.0 131
1110.0 84
1120.0 55
1130.0 41
1140.0 23
1150.0 10
1160.0 15
1170.0 5
1180.0 6
1190.0 4
1200.0 3
1210.0 0
1220.0 0
1230.0 1
1240.0 0
1250.0 0
1260.0 0
1270.0 0
1280.0 0
1290.0 0
1300.0 0
1310.0 0
1320.0 0
1330.0 0
1340.0 0
1350.0 0
1360.0 0
1370.0 0
1380.0 0
1390.0 0
1400.0 0
1410.0 0
1420.0 0
1430.0 0
1440.0 0
1450.0 0
1460.0 0
1470.0 0
1480.0 0
1490.0 0
