0.0 84
10.0 84
20.0 104
30.0 141
40.0 173
50.0 202
60.0 205
70.0 253
80.0 329
90.0 357
100.0 422
110.0 462
120.0 530
130.0 617
140.0 655
150.0 674
160.0 783
170.0 797
180.0 856
190.0 943
200.0 1005
210.0 998
220.0 1080
230.0 1082
240.0 1096
250.0 1164
260.0 1107
270.0 1122
280.0 1132
290.0 1169
300.0 1120
310.0 1121
320.0 1088
330.0 1135
340.0 1199
350.0 1153
360.0 1122
370.0 1118
380.0 1228
390.0 1183
400.0 1211
410.0 1211
420.0 1283
430.0 1289
440.0 1393
450.0 1381
460.0 1424
470.0 1491
480.0 1674
490.0 1718
500.0 1772
510.0 1840
520.0 1952
530.0 1975
540.0 2036
550.0 1992
560.0 2114
570.0 2029
580.0 2070
590.0 1929
600.0 1958
610.0 1789
620.0 1743
630.0 1578
640.0 1459
650.0 1321
660.0 1154
670.0 1078
680.0 893
690.0 749
700.0 657
710.0 545
720.0 455
730.0 320
740.0 285
750.0 240
760.0 163
770.0 125
780.0 81
790.0 79
800.0 36
810.0 36
820.0 27
830.0 12
840.0 9
850.0 9
860.0 5
870.0 5
880.0 6
890.0 1
900.0 0
910.0 0
920.0 0
930.0 0
940.0 0
950.0 0
960.0 0
970.0 0
980.0 0
990.0 0
1000.0 0
1010.0 0
1020.0 0
1030.0 0
1040.0 0
1050.0 0
1060.0 0
1070.0 0
1080.0 0
1090.0 0
1100.0 0
1110.0 0
1120.0 0
1130.0 0
1140.0 0
1150.0 0
1160.0 0
1170.0 0
1180.0 0
1190.0 0
1200.0 0
1210.0 0
1220.0 0
1230.0 0
1240.0 0
1250.0 0
1260.0 0
1270.0 0
1280.0 0
1290.0 0
1300.0 0
1310.0 0
1320.0 0
1330.0 0
1340.0 0
1350.0 0
1360.0 0
1370.0 0
1380.0 0
1390.0 0
1400.0 0
1410.0 0
1420.0 0
1430.0 0
1440.0 0
1450.0 0
1460.0 0
1470.0 0
1480.0 0
1490.0 0
