0.0 190
10.0 236
20.0 273
30.0 319
40.0 424
50.0 477
60.0 520
70.0 639
80.0 730
90.0 823
100.0 930
110.0 996
120.0 1068
130.0 1196
140.0 1230
150.0 1358
160.0 1444
170.0 1447
180.0 1429
190.0 1545
200.0 1539
210.0 1595
220.0 1584
230.0 1568
240.0 1569
250.0 1606
260.0 1539
270.0 1500
280.0 1570
290.0 1455
300.0 1471
310.0 1479
320.0 1479
330.0 1493
340.0 1548
350.0 1490
360.0 1560
370.0 1552
380.0 1673
390.0 1756
400.0 1747
410.0 1754
420.0 1857
430.0 1936
440.0 1847
450.0 1869
460.0 1917
470.0 1852
480.0 1815
490.0 1806
500.0 1759
510.0 1580
520.0 1530
530.0 1493
540.0 1296
550.0 1152
560.0 1022
570.0 876
580.0 788
590.0 674
600.0 572
610.0 468
620.0 370
630.0 312
640.0 255
650.0 197
660.0 150
670.0 107
680.0 79
690.0 71
700.0 37
710.0 40
720.0 22
730.0 12
740.0 11
750.0 12
760.0 5
770.0 3
780.0 0
790.0 2
800.0 0
810.0 0
820.0 0
830.0 0
840.0 0
850.0 0
860.0 0
870.0 0
880.0 0
890.0 0
900.0 0
910.0 0
920.0 0
930.0 0
940.0 0
950.0 0
960.0 0
970.0 0
980.0 0
990.0 0
1000.0 0
1010.0 0
1020.0 0
1030.0 0
1040.0 0
1050.0 0
1060.0 0
1070.0 0
1080.0 0
1090.0 0
1100.0 0
1110.0 0
1120.0 0
1130.0 0
1140.0 0
1150.0 0
1160.0 0
1170.0 0
1180.0 0
1190.0 0
1200.0 0
1210.0 0
1220.0 0
1230.0 0
1240.0 0
1250.0 0
1260.0 0
1270.0 0
1280.0 0
1290.0 0
1300.0 0
1310.0 0
1320.0 0
1330.0 0
1340.0 0
1350.0 0
1360.0 0
1370.0 0
1380.0 0
1390.0 0
1400.0 0
1410.0 0
1420.0 0
1430.0 0
1440.0 0
1450.0 0
1460.0 0
1470.0 0
1480.0 0
1490.0 0
