0.0 47
10.0 44
20.0 65
30.0 66
40.0 102
50.0 105
60.0 111
70.0 143
80.0 192
90.0 218
100.0 304
110.0 326
120.0 312
130.0 434
140.0 428
150.0 481
160.0 532
170.0 597
180.0 576
190.0 658
200.0 768
210.0 785
220.0 794
230.0 835
240.0 854
250.0 917
260.0 913
270.0 916
280.0 973
290.0 951
300.0 937
310.0 942
320.0 941
330.0 933
340.0 969
350.0 963
360.0 1006
370.0 890
380.0 980
390.0 975
400.0 917
410.0 969
420.0 1004
430.0 1004
440.0 1042
450.0 1091
460.0 1024
470.0 1162
480.0 1187
490.0 1291
500.0 1329
510.0 1429
520.0 1473
530.0 1594
540.0 1725
550.0 1862
560.0 1995
570.0 2003
580.0 2155
590.0 2228
600.0 2208
610.0 2325
620.0 2331
630.0 2397
640.0 2339
650.0 2253
660.0 2218
670.0 2080
680.0 1948
690.0 1803
700.0 1620
710.0 1398
720.0 1281
730.0 1144
740.0 961
750.0 784
760.0 661
770.0 541
780.0 430
790.0 352
800.0 251
810.0 208
820.0 177
830.0 113
840.0 92
850.0 69
860.0 51
870.0 37
880.0 25
890.0 16
900.0 8
910.0 9
920.0 3
930.0 2
940.0 4
950.0 0
960.0 1
970.0 1
980.0 1
990.0 0
1000.0 0
1010.0 0
1020.0 0
1030.0 0
1040.0 0
1050.0 0
1060.0 0
1070.0 0
1080.0 0
1090.0 0
1100.0 0
1110.0 0
1120.0 0
1130.0 0
1140.0 0
1150.0 0
1160.0 0
1170.0 0
1180.0 0
1190.0 0
1200.0 0
1210.0 0
1220.0 0
1230.0 0
1240.0 0
1250.0 0
1260.0 0
1270.0 0
1280.0 0
1290.0 0
1300.0 0
1310.0 0
1320.0 0
1330.0 0
1340.0 0
1350.0 0
1360.0 0
1370.0 0
1380.0 0
1390.0 0
1400.0 0
1410.0 0
1420.0 0
1430.0 0
1440.0 0
1450.0 0
1460.0 0
1470.0 0
1480.0 0
1490.0 0
