0.0 9
10.0 20
20.0 21
30.0 24
40.0 47
50.0 35
60.0 51
70.0 62
80.0 54
90.0 86
100.0 99
110.0 105
120.0 156
130.0 166
140.0 178
150.0 229
160.0 238
170.0 244
180.0 298
190.0 334
200.0 383
210.0 439
220.0 448
230.0 459
240.0 499
250.0 519
260.0 544
270.0 615
280.0 600
290.0 652
300.0 660
310.0 679
320.0 715
330.0 713
340.0 718
350.0 696
360.0 700
370.0 683
380.0 684
390.0 688
400.0 697
410.0 700
420.0 650
430.0 708
440.0 720
450.0 643
460.0 688
470.0 706
480.0 729
490.0 702
500.0 741
510.0 719
520.0 730
530.0 784
540.0 822
550.0 856
560.0 933
570.0 1004
580.0 1014
590.0 1102
600.0 1322
610.0 1369
620.0 1486
630.0 1631
640.0 1842
650.0 1947
660.0 2076
670.0 2333
680.0 2409
690.0 2529
700.0 2619
710.0 2801
720.0 2819
730.0 2837
740.0 2755
750.0 2781
760.0 2580
770.0 2478
780.0 2442
790.0 2245
800.0 2014
810.0 1860
820.0 1675
830.0 1456
840.0 1282
850.0 1060
860.0 839
870.0 740
880.0 592
890.0 494
900.0 367
910.0 318
920.0 221
930.0 170
940.0 116
950.0 96
960.0 61
970.0 44
980.0 26
990.0 13
1000.0 14
1010.0 8
1020.0 6
1030.0 5
1040.0 1
1050.0 3
1060.0 0
1070.0 2
1080.0 1
1090.0 0
1100.0 0
1110.0 0
1120.0 0
1130.0 0
1140.0 0
1150.0 0
1160.0 0
1170.0 0
1180.0 0
1190.0 0
1200.0 0
1210.0 0
1220.0 0
1230.0 0
1240.0 0
1250.0 0
1260.0 0
1270.0 0
1280.0 0
1290.0 0
1300.0 0
1310.0 0
1320.0 0
1330.0 0
1340.0 0
1350.0 0
1360.0 0
1370.0 0
1380.0 0
1390.0 0
1400.0 0
1410.0 0
1420.0 0
1430.0 0
1440.0 0
1450.0 0
1460.0 0
1470.0 0
1480.0 0
1490.0 0
