0.0 45
10.0 59
20.0 68
30.0 83
40.0 123
50.0 122
60.0 141
70.0 197
80.0 221
90.0 244
100.0 303
110.0 296
120.0 357
130.0 437
140.0 470
150.0 508
160.0 603
170.0 646
180.0 701
190.0 746
200.0 791
210.0 820
220.0 874
230.0 814
240.0 1010
250.0 965
260.0 942
270.0 1014
280.0 1026
290.0 1003
300.0 983
310.0 1015
320.0 1023
330.0 1000
340.0 1027
350.0 1016
360.0 1068
370.0 1051
380.0 1036
390.0 1033
400.0 1011
410.0 1071
420.0 1073
430.0 1172
440.0 1141
450.0 1173
460.0 1190
470.0 1285
480.0 1282
490.0 1335
500.0 1439
510.0 1490
520.0 1582
530.0 1719
540.0 1665
550.0 1873
560.0 1892
570.0 2028
580.0 2213
590.0 2139
600.0 2187
610.0 2248
620.0 2211
630.0 2170
640.0 2221
650.0 2030
660.0 1958
670.0 1779
680.0 1763
690.0 1542
700.0 1384
710.0 1240
720.0 1155
730.0 960
740.0 812
750.0 684
760.0 575
770.0 442
780.0 372
790.0 288
800.0 241
810.0 173
820.0 132
830.0 102
840.0 75
850.0 54
860.0 36
870.0 25
880.0 27
890.0 18
900.0 10
910.0 6
920.0 0
930.0 1
940.0 0
950.0 1
960.0 0
970.0 1
980.0 0
990.0 0
1000.0 0
1010.0 0
1020.0 0
1030.0 0
1040.0 0
1050.0 0
1060.0 0
1070.0 0
1080.0 0
1090.0 0
1100.0 0
1110.0 0
1120.0 0
1130.0 0
1140.0 0
1150.0 0
1160.0 0
1170.0 0
1180.0 0
1190.0 0
1200.0 0
1210.0 0
1220.0 0
1230.0 0
1240.0 0
1250.0 0
1260.0 0
1270.0 0
1280.0 0
1290.0 0
1300.0 0
1310.0 0
1320.0 0
1330.0 0
1340.0 0
1350.0 0
1360.0 0
1370.0 0
1380.0 0
1390.0 0
1400.0 0
1410.0 0
1420.0 0
1430.0 0
1440.0 0
1450.0 0
1460.0 0
1470.0 0
1480.0 0
1490.0 0
