0.0 52
10.0 78
20.0 101
30.0 119
40.0 114
50.0 173
60.0 216
70.0 234
80.0 265
90.0 266
100.0 365
110.0 425
120.0 445
130.0 492
140.0 587
150.0 661
160.0 696
170.0 760
180.0 816
190.0 859
200.0 903
210.0 954
220.0 997
230.0 994
240.0 1033
250.0 982
260.0 1038
270.0 1099
280.0 1008
290.0 1032
300.0 1028
310.0 999
320.0 977
330.0 1035
340.0 987
350.0 926
360.0 1006
370.0 983
380.0 964
390.0 1034
400.0 1001
410.0 1100
420.0 1131
430.0 1150
440.0 1218
450.0 1242
460.0 1344
470.0 1461
480.0 1628
490.0 1693
500.0 1803
510.0 1845
520.0 1938
530.0 2109
540.0 2177
550.0 2326
560.0 2205
570.0 2371
580.0 2265
590.0 2178
600.0 2223
610.0 2126
620.0 1988
630.0 1812
640.0 1712
650.0 1534
660.0 1338
670.0 1281
680.0 1112
690.0 928
700.0 777
710.0 617
720.0 550
730.0 442
740.0 361
750.0 282
760.0 222
770.0 161
780.0 114
790.0 88
800.0 62
810.0 65
820.0 24
830.0 20
840.0 23
850.0 11
860.0 6
870.0 7
880.0 4
890.0 4
900.0 2
910.0 0
920.0 1
930.0 0
940.0 0
950.0 0
960.0 0
970.0 0
980.0 0
990.0 0
1000.0 0
1010.0 0
1020.0 0
1030.0 0
1040.0 0
1050.0 0
1060.0 0
1070.0 0
1080.0 0
1090.0 0
1100.0 0
1110.0 0
1120.0 0
1130.0 0
1140.0 0
1150.0 0
1160.0 0
1170.0 0
1180.0 0
1190.0 0
1200.0 0
1210.0 0
1220.0 0
1230.0 0
1240.0 0
1250.0 0
1260.0 0
1270.0 0
1280.0 0
1290.0 0
1300.0 0
1310.0 0
1320.0 0
1330.0 0
1340.0 0
1350.0 0
1360.0 0
1370.0 0
1380.0 0
1390.0 0
1400.0 0
1410.0 0
1420.0 0
1430.0 0
1440.0 0
1450.0 0
1460.0 0
1470.0 0
1480.0 0
1490.0 0
