0.0 9
10.0 14
20.0 22
30.0 29
40.0 27
50.0 31
60.0 30
70.0 42
80.0 45
90.0 54
100.0 58
110.0 76
120.0 71
130.0 96
140.0 117
150.0 136
160.0 158
170.0 168
180.0 196
190.0 220
200.0 223
210.0 278
220.0 290
230.0 354
240.0 332
250.0 389
260.0 401
270.0 421
280.0 476
290.0 473
300.0 485
310.0 531
320.0 523
330.0 577
340.0 564
350.0 666
360.0 637
370.0 636
380.0 588
390.0 651
400.0 729
410.0 713
420.0 732
430.0 727
440.0 713
450.0 697
460.0 763
470.0 758
480.0 763
490.0 728
500.0 796
510.0 723
520.0 798
530.0 798
540.0 807
550.0 799
560.0 856
570.0 864
580.0 888
590.0 817
600.0 889
610.0 862
620.0 956
630.0 1007
640.0 994
650.0 1087
660.0 1097
670.0 1182
680.0 1262
690.0 1352
700.0 1511
710.0 1503
720.0 1635
730.0 1785
740.0 1898
750.0 2073
760.0 2207
770.0 2262
780.0 2403
790.0 2507
800.0 2504
810.0 2547
820.0 2596
830.0 2594
840.0 2584
850.0 2411
860.0 2369
870.0 2262
880.0 2134
890.0 1853
900.0 1744
910.0 1522
920.0 1470
930.0 1218
940.0 1007
950.0 836
960.0 684
970.0 568
980.0 498
990.0 375
1000.0 307
1010.0 247
1020.0 167
1030.0 134
1040.0 115
1050.0 76
1060.0 52
1070.0 37
1080.0 29
1090.0 21
1100.0 8
1110.0 11
1120.0 14
1130.0 6
1140.0 1
1150.0 3
1160.0 1
1170.0 2
1180.0 2
1190.0 1
1200.0 0
1210.0 0
1220.0 0
1230.0 0
1240.0 0
1250.0 0
1260.0 0
1270.0 0
1280.0 0
1290.0 0
1300.0 0
1310.0 0
1320.0 0
1330.0 0
1340.0 0
1350.0 0
1360.0 0
1370.0 0
1380.0 0
1390.0 0
1400.0 0
1410.0 0
1420.0 0
1430.0 0
1440.0 0
1450.0 0
1460.0 0
1470.0 0
1480.0 0
1490.0 0
