0.0 13
10.0 15
20.0 19
30.0 21
40.0 23
50.0 16
60.0 23
70.0 32
80.0 40
90.0 38
100.0 52
110.0 39
120.0 64
130.0 76
140.0 119
150.0 120
160.0 135
170.0 140
180.0 150
190.0 170
200.0 211
210.0 209
220.0 264
230.0 284
240.0 282
250.0 344
260.0 345
270.0 405
280.0 404
290.0 443
300.0 492
310.0 447
320.0 484
330.0 524
340.0 520
350.0 523
360.0 570
370.0 596
380.0 553
390.0 606
400.0 589
410.0 608
420.0 581
430.0 600
440.0 608
450.0 613
460.0 623
470.0 622
480.0 672
490.0 626
500.0 625
510.0 646
520.0 626
530.0 639
540.0 670
550.0 645
560.0 664
570.0 695
580.0 705
590.0 715
600.0 713
610.0 736
620.0 788
630.0 810
640.0 857
650.0 927
660.0 993
670.0 1006
680.0 1084
690.0 1177
700.0 1358
710.0 1471
720.0 1578
730.0 1720
740.0 1884
750.0 1955
760.0 2200
770.0 2298
780.0 2439
790.0 2652
800.0 2804
810.0 2888
820.0 2805
830.0 2871
840.0 2924
850.0 2842
860.0 2670
870.0 2688
880.0 2543
890.0 2373
900.0 2006
910.0 1902
920.0 1593
930.0 1438
940.0 1302
950.0 1029
960.0 919
970.0 722
980.0 619
990.0 444
1000.0 365
1010.0 292
1020.0 232
1030.0 158
1040.0 118
1050.0 91
1060.0 70
1070.0 40
1080.0 28
1090.0 12
1100.0 17
1110.0 5
1120.0 8
1130.0 5
1140.0 5
1150.0 2
1160.0 1
1170.0 1
1180.0 0
1190.0 0
1200.0 0
1210.0 0
1220.0 0
1230.0 0
1240.0 0
1250.0 0
1260.0 0
1270.0 0
1280.0 0
1290.0 0
1300.0 0
1310.0 0
1320.0 0
1330.0 0
1340.0 0
1350.0 0
1360.0 0
1370.0 0
1380.0 0
1390.0 0
1400.0 0
1410.0 0
1420.0 0
1430.0 0
1440.0 0
1450.0 0
1460.0 0
1470.0 0
1480.0 0
1490.0 0
