0.0 16
10.0 9
20.0 15
30.0 19
40.0 15
50.0 25
60.0 27
70.0 46
80.0 27
90.0 52
100.0 64
110.0 63
120.0 74
130.0 93
140.0 127
150.0 111
160.0 144
170.0 160
180.0 162
190.0 196
200.0 212
210.0 233
220.0 295
230.0 285
240.0 306
250.0 380
260.0 388
270.0 409
280.0 428
290.0 467
300.0 497
310.0 476
320.0 506
330.0 528
340.0 538
350.0 543
360.0 570
370.0 602
380.0 594
390.0 621
400.0 657
410.0 646
420.0 713
430.0 628
440.0 710
450.0 694
460.0 630
470.0 696
480.0 713
490.0 680
500.0 758
510.0 700
520.0 692
530.0 715
540.0 720
550.0 704
560.0 751
570.0 763
580.0 741
590.0 800
600.0 805
610.0 828
620.0 853
630.0 856
640.0 890
650.0 985
660.0 995
670.0 1031
680.0 1107
690.0 1318
700.0 1368
710.0 1513
720.0 1700
730.0 1741
740.0 1867
750.0 2069
760.0 2201
770.0 2300
780.0 2470
790.0 2527
800.0 2609
810.0 2724
820.0 2765
830.0 2799
840.0 2723
850.0 2687
860.0 2618
870.0 2493
880.0 2349
890.0 2119
900.0 1889
910.0 1720
920.0 1517
930.0 1333
940.0 1144
950.0 979
960.0 801
970.0 646
980.0 559
990.0 412
1000.0 338
1010.0 248
1020.0 199
1030.0 140
1040.0 122
1050.0 82
1060.0 60
1070.0 39
1080.0 34
1090.0 18
1100.0 9
1110.0 5
1120.0 8
1130.0 2
1140.0 1
1150.0 1
1160.0 1
1170.0 1
1180.0 1
1190.0 0
1200.0 0
1210.0 0
1220.0 0
1230.0 0
1240.0 0
1250.0 0
1260.0 0
1270.0 0
1280.0 0
1290.0 0
1300.0 0
1310.0 0
1320.0 0
1330.0 0
1340.0 0
1350.0 0
1360.0 0
1370.0 0
1380.0 0
1390.0 0
1400.0 0
1410.0 0
1420.0 0
1430.0 0
1440.0 0
1450.0 0
1460.0 0
1470.0 0
1480.0 0
1490.0 0
