0.0 13
10.0 24
20.0 22
30.0 31
40.0 30
50.0 28
60.0 31
70.0 51
80.0 76
90.0 77
100.0 83
110.0 101
120.0 135
130.0 135
140.0 181
150.0 187
160.0 199
170.0 233
180.0 276
190.0 289
200.0 297
210.0 372
220.0 398
230.0 418
240.0 423
250.0 492
260.0 532
270.0 519
280.0 528
290.0 581
300.0 594
310.0 645
320.0 633
330.0 694
340.0 670
350.0 652
360.0 720
370.0 731
380.0 717
390.0 708
400.0 776
410.0 773
420.0 808
430.0 767
440.0 792
450.0 813
460.0 813
470.0 793
480.0 789
490.0 903
500.0 880
510.0 872
520.0 901
530.0 890
540.0 950
550.0 915
560.0 916
570.0 960
580.0 1002
590.0 1049
600.0 1067
610.0 1183
620.0 1122
630.0 1188
640.0 1353
650.0 1448
660.0 1595
670.0 1566
680.0 1810
690.0 1847
700.0 1951
710.0 2209
720.0 2252
730.0 2352
740.0 2484
750.0 2455
760.0 2503
770.0 2569
780.0 2525
790.0 2524
800.0 2443
810.0 2221
820.0 2276
830.0 2089
840.0 1924
850.0 1635
860.0 1554
870.0 1388
880.0 1212
890.0 980
900.0 850
910.0 721
920.0 566
930.0 485
940.0 370
950.0 281
960.0 216
970.0 172
980.0 135
990.0 106
1000.0 81
1010.0 42
1020.0 31
1030.0 26
1040.0 14
1050.0 8
1060.0 9
1070.0 6
1080.0 2
1090.0 2
1100.0 1
1110.0 2
1120.0 0
1130.0 1
1140.0 1
1150.0 0
1160.0 0
1170.0 0
1180.0 0
1190.0 0
1200.0 0
1210.0 0
1220.0 0
1230.0 0
1240.0 0
1250.0 0
1260.0 0
1270.0 0
1280.0 0
1290.0 0
1300.0 0
1310.0 0
1320.0 0
1330.0 0
1340.0 0
1350.0 0
1360.0 0
1370.0 0
1380.0 0
1390.0 0
1400.0 0
1410.0 0
1420.0 0
1430.0 0
1440.0 0
1450.0 0
1460.0 0
1470.0 0
1480.0 0
1490.0 0
