0.0 9
10.0 12
20.0 9
30.0 23
40.0 14
50.0 22
60.0 23
70.0 31
80.0 41
90.0 41
100.0 43
110.0 47
120.0 65
130.0 77
140.0 93
150.0 103
160.0 110
170.0 126
180.0 148
190.0 167
200.0 186
210.0 245
220.0 241
230.0 252
240.0 286
250.0 320
260.0 366
270.0 356
280.0 393
290.0 406
300.0 467
310.0 490
320.0 532
330.0 512
340.0 491
350.0 505
360.0 516
370.0 528
380.0 518
390.0 542
400.0 531
410.0 570
420.0 580
430.0 571
440.0 585
450.0 586
460.0 605
470.0 575
480.0 597
490.0 598
500.0 609
510.0 579
520.0 582
530.0 550
540.0 594
550.0 634
560.0 561
570.0 657
580.0 631
590.0 643
600.0 713
610.0 706
620.0 745
630.0 763
640.0 830
650.0 818
660.0 909
670.0 954
680.0 1068
690.0 1138
700.0 1279
710.0 1440
720.0 1548
730.0 1628
740.0 1852
750.0 2066
760.0 2177
770.0 2428
780.0 2620
790.0 2819
800.0 2807
810.0 2898
820.0 2984
830.0 3086
840.0 2977
850.0 2949
860.0 2782
870.0 2788
880.0 2555
890.0 2332
900.0 2205
910.0 1956
920.0 1703
930.0 1555
940.0 1308
950.0 1096
960.0 930
970.0 734
980.0 629
990.0 511
1000.0 395
1010.0 295
1020.0 237
1030.0 171
1040.0 153
1050.0 118
1060.0 68
1070.0 49
1080.0 29
1090.0 27
1100.0 16
1110.0 8
1120.0 8
1130.0 5
1140.0 3
1150.0 1
1160.0 1
1170.0 0
1180.0 1
1190.0 0
1200.0 0
1210.0 0
1220.0 0
1230.0 0
1240.0 0
1250.0 0
1260.0 0
1270.0 0
1280.0 0
1290.0 0
1300.0 0
1310.0 0
1320.0 0
1330.0 0
1340.0 0
1350.0 0
1360.0 0
1370.0 0
1380.0 0
1390.0 0
1400.0 0
1410.0 0
1420.0 0
1430.0 0
1440.0 0
1450.0 0
1460.0 0
1470.0 0
1480.0 0
1490.0 0
