0.0 21
10.0 40
20.0 43
30.0 52
40.0 73
50.0 87
60.0 113
70.0 131
80.0 145
90.0 148
100.0 186
110.0 209
120.0 237
130.0 320
140.0 331
150.0 362
160.0 390
170.0 470
180.0 472
190.0 539
200.0 554
210.0 616
220.0 618
230.0 692
240.0 685
250.0 776
260.0 817
270.0 832
280.0 855
290.0 870
300.0 841
310.0 779
320.0 924
330.0 916
340.0 924
350.0 886
360.0 925
370.0 896
380.0 944
390.0 950
400.0 940
410.0 915
420.0 935
430.0 948
440.0 1006
450.0 1011
460.0 1021
470.0 1011
480.0 1051
490.0 1097
500.0 1108
510.0 1228
520.0 1194
530.0 1334
540.0 1323
550.0 1417
560.0 1451
570.0 1641
580.0 1655
590.0 1829
600.0 1976
610.0 1986
620.0 2154
630.0 2190
640.0 2253
650.0 2347
660.0 2332
670.0 2387
680.0 2333
690.0 2356
700.0 2293
710.0 2143
720.0 1979
730.0 1894
740.0 1758
750.0 1537
760.0 1415
770.0 1249
780.0 1036
790.0 924
800.0 729
810.0 628
820.0 546
830.0 455
840.0 311
850.0 281
860.0 208
870.0 169
880.0 101
890.0 78
900.0 65
910.0 40
920.0 30
930.0 29
940.0 17
950.0 14
960.0 12
970.0 4
980.0 1
990.0 4
1000.0 1
1010.0 1
1020.0 0
1030.0 1
1040.0 0
1050.0 0
1060.0 0
1070.0 0
1080.0 0
1090.0 0
1100.0 1
1110.0 0
1120.0 0
1130.0 0
1140.0 0
1150.0 0
1160.0 0
1170.0 0
1180.0 0
1190.0 0
1200.0 0
1210.0 0
1220.0 0
1230.0 0
1240.0 0
1250.0 0
1260.0 0
1270.0 0
1280.0 0
1290.0 0
1300.0 0
1310.0 0
1320.0 0
1330.0 0
1340.0 0
1350.0 0
1360.0 0
1370.0 0
1380.0 0
1390.0 0
1400.0 0
1410.0 0
1420.0 0
1430.0 0
1440.0 0
1450.0 0
1460.0 0
1470.0 0
1480.0 0
1490.0 0
