0.0 15
10.0 29
20.0 24
30.0 29
40.0 42
50.0 43
60.0 49
70.0 41
80.0 69
90.0 86
100.0 89
110.0 118
120.0 126
130.0 139
140.0 168
150.0 192
160.0 217
170.0 287
180.0 280
190.0 324
200.0 413
210.0 395
220.0 448
230.0 473
240.0 524
250.0 527
260.0 592
270.0 617
280.0 558
290.0 673
300.0 657
310.0 686
320.0 678
330.0 681
340.0 705
350.0 719
360.0 696
370.0 700
380.0 704
390.0 727
400.0 681
410.0 658
420.0 744
430.0 709
440.0 677
450.0 700
460.0 709
470.0 716
480.0 707
490.0 686
500.0 736
510.0 744
520.0 750
530.0 799
540.0 835
550.0 871
560.0 953
570.0 974
580.0 1077
590.0 1158
600.0 1272
610.0 1352
620.0 1540
630.0 1625
640.0 1827
650.0 1988
660.0 2148
670.0 2213
680.0 2391
690.0 2600
700.0 2703
710.0 2742
720.0 2843
730.0 2795
740.0 2787
750.0 2767
760.0 2680
770.0 2462
780.0 2310
790.0 2209
800.0 2057
810.0 1842
820.0 1649
830.0 1460
840.0 1166
850.0 1015
860.0 875
870.0 711
880.0 614
890.0 469
900.0 371
910.0 279
920.0 231
930.0 170
940.0 109
950.0 100
960.0 54
970.0 37
980.0 31
990.0 24
1000.0 18
1010.0 5
1020.0 8
1030.0 3
1040.0 7
1050.0 3
1060.0 1
1070.0 0
1080.0 0
1090.0 1
1100.0 0
1110.0 0
1120.0 0
1130.0 0
1140.0 0
1150.0 0
1160.0 0
1170.0 0
1180.0 0
1190.0 0
1200.0 0
1210.0 0
1220.0 0
1230.0 0
1240.0 0
1250.0 0
1260.0 0
1270.0 0
1280.0 0
1290.0 0
1300.0 0
1310.0 0
1320.0 0
1330.0 0
1340.0 0
1350.0 0
1360.0 0
1370.0 0
1380.0 0
1390.0 0
1400.0 0
1410.0 0
1420.0 0
1430.0 0
1440.0 0
1450.0 0
1460.0 0
1470.0 0
1480.0 0
1490.0 0
