0.0 106
10.0 126
20.0 171
30.0 230
40.0 255
50.0 281
60.0 340
70.0 412
80.0 455
90.0 523
100.0 637
110.0 667
120.0 757
130.0 793
140.0 889
150.0 964
160.0 1053
170.0 1077
180.0 1138
190.0 1177
200.0 1161
210.0 1226
220.0 1306
230.0 1302
240.0 1318
250.0 1280
260.0 1178
270.0 1265
280.0 1265
290.0 1244
300.0 1246
310.0 1230
320.0 1242
330.0 1223
340.0 1261
350.0 1327
360.0 1303
370.0 1341
380.0 1307
390.0 1387
400.0 1427
410.0 1413
420.0 1558
430.0 1580
440.0 1660
450.0 1664
460.0 1738
470.0 1790
480.0 1807
490.0 1887
500.0 1987
510.0 1784
520.0 1900
530.0 1872
540.0 1796
550.0 1767
560.0 1646
570.0 1574
580.0 1442
590.0 1293
600.0 1191
610.0 988
620.0 904
630.0 791
640.0 629
650.0 573
660.0 464
670.0 374
680.0 322
690.0 243
700.0 193
710.0 134
720.0 110
730.0 79
740.0 60
750.0 46
760.0 28
770.0 22
780.0 12
790.0 8
800.0 5
810.0 7
820.0 5
830.0 3
840.0 0
850.0 2
860.0 2
870.0 0
880.0 0
890.0 0
900.0 0
910.0 0
920.0 0
930.0 0
940.0 0
950.0 0
960.0 0
970.0 0
980.0 0
990.0 0
1000.0 0
1010.0 0
1020.0 0
1030.0 0
1040.0 0
1050.0 0
1060.0 0
1070.0 0
1080.0 0
1090.0 0
1100.0 0
1110.0 0
1120.0 0
1130.0 0
1140.0 0
1150.0 0
1160.0 0
1170.0 0
1180.0 0
1190.0 0
1200.0 0
1210.0 0
1220.0 0
1230.0 0
1240.0 0
1250.0 0
1260.0 0
1270.0 0
1280.0 0
1290.0 0
1300.0 0
1310.0 0
1320.0 0
1330.0 0
1340.0 0
1350.0 0
1360.0 0
1370.0 0
1380.0 0
1390.0 0
1400.0 0
1410.0 0
1420.0 0
1430.0 0
1440.0 0
1450.0 0
1460.0 0
1470.0 0
1480.0 0
1490.0 0
