0.0 101
10.0 127
20.0 155
30.0 212
40.0 231
50.0 258
60.0 317
70.0 364
80.0 393
90.0 482
100.0 547
110.0 602
120.0 680
130.0 695
140.0 824
150.0 891
160.0 958
170.0 1028
180.0 1056
190.0 1199
200.0 1179
210.0 1152
220.0 1235
230.0 1227
240.0 1211
250.0 1230
260.0 1167
270.0 1241
280.0 1169
290.0 1167
300.0 1196
310.0 1163
320.0 1138
330.0 1174
340.0 1231
350.0 1256
360.0 1225
370.0 1204
380.0 1289
390.0 1330
400.0 1311
410.0 1386
420.0 1417
430.0 1551
440.0 1575
450.0 1683
460.0 1758
470.0 1815
480.0 1841
490.0 1978
500.0 2006
510.0 2006
520.0 2056
530.0 2063
540.0 1889
550.0 1874
560.0 1736
570.0 1649
580.0 1557
590.0 1437
600.0 1409
610.0 1160
620.0 1077
630.0 880
640.0 780
650.0 630
660.0 532
670.0 461
680.0 360
690.0 308
700.0 223
710.0 170
720.0 143
730.0 93
740.0 72
750.0 47
760.0 23
770.0 33
780.0 23
790.0 10
800.0 10
810.0 4
820.0 1
830.0 2
840.0 1
850.0 0
860.0 1
870.0 0
880.0 0
890.0 0
900.0 0
910.0 0
920.0 0
930.0 0
940.0 0
950.0 0
960.0 0
970.0 0
980.0 0
990.0 0
1000.0 0
1010.0 0
1020.0 0
1030.0 0
1040.0 0
1050.0 0
1060.0 0
1070.0 0
1080.0 0
1090.0 0
1100.0 0
1110.0 0
1120.0 0
1130.0 0
1140.0 0
1150.0 0
1160.0 0
1170.0 0
1180.0 0
1190.0 0
1200.0 0
1210.0 0
1220.0 0
1230.0 0
1240.0 0
1250.0 0
1260.0 0
1270.0 0
1280.0 0
1290.0 0
1300.0 0
1310.0 0
1320.0 0
1330.0 0
1340.0 0
1350.0 0
1360.0 0
1370.0 0
1380.0 0
1390.0 0
1400.0 0
1410.0 0
1420.0 0
1430.0 0
1440.0 0
1450.0 0
1460.0 0
1470.0 0
1480.0 0
1490.0 0
