0.0 9
10.0 14
20.0 18
30.0 15
40.0 21
50.0 18
60.0 30
70.0 26
80.0 31
90.0 38
100.0 56
110.0 48
120.0 46
130.0 83
140.0 90
150.0 90
160.0 107
170.0 133
180.0 142
190.0 152
200.0 167
210.0 189
220.0 199
230.0 225
240.0 255
250.0 287
260.0 298
270.0 357
280.0 369
290.0 363
300.0 391
310.0 414
320.0 426
330.0 441
340.0 484
350.0 458
360.0 502
370.0 495
380.0 536
390.0 562
400.0 593
410.0 598
420.0 625
430.0 640
440.0 670
450.0 681
460.0 613
470.0 730
480.0 700
490.0 695
500.0 723
510.0 752
520.0 701
530.0 746
540.0 709
550.0 776
560.0 781
570.0 800
580.0 813
590.0 818
600.0 727
610.0 785
620.0 817
630.0 756
640.0 818
650.0 856
660.0 901
670.0 923
680.0 960
690.0 971
700.0 1031
710.0 1119
720.0 1178
730.0 1255
740.0 1290
750.0 1409
760.0 1534
770.0 1669
780.0 1742
790.0 1959
800.0 2002
810.0 2136
820.0 2339
830.0 2412
840.0 2517
850.0 2579
860.0 2675
870.0 2599
880.0 2659
890.0 2590
900.0 2524
910.0 2464
920.0 2298
930.0 2128
940.0 1987
950.0 1869
960.0 1689
970.0 1452
980.0 1295
990.0 1041
1000.0 943
1010.0 770
1020.0 631
1030.0 513
1040.0 389
1050.0 309
1060.0 242
1070.0 183
1080.0 142
1090.0 90
1100.0 78
1110.0 49
1120.0 41
1130.0 23
1140.0 16
1150.0 16
1160.0 6
1170.0 7
1180.0 2
1190.0 3
1200.0 1
1210.0 0
1220.0 0
1230.0 0
1240.0 1
1250.0 0
1260.0 0
1270.0 0
1280.0 0
1290.0 0
1300.0 0
1310.0 0
1320.0 0
1330.0 0
1340.0 0
1350.0 0
1360.0 0
1370.0 0
1380.0 0
1390.0 0
1400.0 0
1410.0 0
1420.0 0
1430.0 0
1440.0 0
1450.0 0
1460.0 0
1470.0 0
1480.0 0
1490.0 0
