0.0 32
10.0 48
20.0 48
30.0 66
40.0 83
50.0 87
60.0 105
70.0 124
80.0 150
90.0 138
100.0 191
110.0 217
120.0 285
130.0 327
140.0 355
150.0 370
160.0 422
170.0 476
180.0 477
190.0 525
200.0 573
210.0 642
220.0 609
230.0 761
240.0 751
250.0 816
260.0 811
270.0 814
280.0 850
290.0 868
300.0 808
310.0 882
320.0 880
330.0 921
340.0 946
350.0 963
360.0 968
370.0 950
380.0 1002
390.0 1024
400.0 996
410.0 984
420.0 1025
430.0 1022
440.0 1030
450.0 1065
460.0 1033
470.0 1153
480.0 1126
490.0 1151
500.0 1180
510.0 1214
520.0 1315
530.0 1296
540.0 1378
550.0 1352
560.0 1458
570.0 1625
580.0 1692
590.0 1817
600.0 1845
610.0 1982
620.0 2008
630.0 2204
640.0 2205
650.0 2274
660.0 2271
670.0 2286
680.0 2283
690.0 2286
700.0 2137
710.0 1991
720.0 1955
730.0 1863
740.0 1656
750.0 1475
760.0 1364
770.0 1244
780.0 1059
790.0 902
800.0 710
810.0 606
820.0 515
830.0 419
840.0 323
850.0 226
860.0 204
870.0 141
880.0 112
890.0 63
900.0 65
910.0 33
920.0 27
930.0 16
940.0 8
950.0 7
960.0 6
970.0 5
980.0 4
990.0 2
1000.0 2
1010.0 2
1020.0 0
1030.0 0
1040.0 0
1050.0 0
1060.0 0
1070.0 0
1080.0 0
1090.0 0
1100.0 0
1110.0 0
1120.0 0
1130.0 0
1140.0 0
1150.0 0
1160.0 0
1170.0 0
1180.0 0
1190.0 0
1200.0 0
1210.0 0
1220.0 0
1230.0 0
1240.0 0
1250.0 0
1260.0 0
1270.0 0
1280.0 0
1290.0 0
1300.0 0
1310.0 0
1320.0 0
1330.0 0
1340.0 0
1350.0 0
1360.0 0
1370.0 0
1380.0 0
1390.0 0
1400.0 0
1410.0 0
1420.0 0
1430.0 0
1440.0 0
1450.0 0
1460.0 0
1470.0 0
1480.0 0
1490.0 0
