0.0 11
10.0 17
20.0 14
30.0 19
40.0 26
50.0 22
60.0 40
70.0 30
80.0 48
90.0 53
100.0 72
110.0 81
120.0 95
130.0 112
140.0 116
150.0 143
160.0 148
170.0 170
180.0 214
190.0 238
200.0 256
210.0 297
220.0 306
230.0 348
240.0 388
250.0 429
260.0 462
270.0 465
280.0 484
290.0 525
300.0 557
310.0 559
320.0 650
330.0 593
340.0 600
350.0 623
360.0 608
370.0 618
380.0 635
390.0 644
400.0 630
410.0 628
420.0 643
430.0 641
440.0 668
450.0 663
460.0 642
470.0 627
480.0 593
490.0 649
500.0 645
510.0 599
520.0 654
530.0 669
540.0 673
550.0 662
560.0 659
570.0 729
580.0 767
590.0 789
600.0 836
610.0 939
620.0 1048
630.0 1092
640.0 1194
650.0 1256
660.0 1394
670.0 1482
680.0 1755
690.0 1901
700.0 2087
710.0 2211
720.0 2294
730.0 2445
740.0 2672
750.0 2734
760.0 2875
770.0 2852
780.0 2906
790.0 2833
800.0 2817
810.0 2875
820.0 2615
830.0 2560
840.0 2262
850.0 2088
860.0 1894
870.0 1733
880.0 1473
890.0 1316
900.0 1044
910.0 869
920.0 766
930.0 586
940.0 492
950.0 412
960.0 314
970.0 252
980.0 207
990.0 121
1000.0 93
1010.0 69
1020.0 55
1030.0 28
1040.0 22
1050.0 14
1060.0 8
1070.0 5
1080.0 7
1090.0 6
1100.0 0
1110.0 0
1120.0 0
1130.0 0
1140.0 1
1150.0 0
1160.0 0
1170.0 0
1180.0 0
1190.0 0
1200.0 0
1210.0 0
1220.0 0
1230.0 0
1240.0 0
1250.0 0
1260.0 0
1270.0 0
1280.0 0
1290.0 0
1300.0 0
1310.0 0
1320.0 0
1330.0 0
1340.0 0
1350.0 0
1360.0 0
1370.0 0
1380.0 0
1390.0 0
1400.0 0
1410.0 0
1420.0 0
1430.0 0
1440.0 0
1450.0 0
1460.0 0
1470.0 0
1480.0 0
1490.0 0
