0.0 39
10.0 82
20.0 78
30.0 101
40.0 103
50.0 157
60.0 159
70.0 229
80.0 247
90.0 291
100.0 371
110.0 395
120.0 416
130.0 508
140.0 537
150.0 641
160.0 730
170.0 744
180.0 808
190.0 818
200.0 942
210.0 927
220.0 912
230.0 992
240.0 997
250.0 1000
260.0 1034
270.0 1019
280.0 1004
290.0 956
300.0 1060
310.0 993
320.0 1025
330.0 937
340.0 936
350.0 913
360.0 905
370.0 1002
380.0 962
390.0 941
400.0 1026
410.0 1055
420.0 1115
430.0 1070
440.0 1130
450.0 1224
460.0 1346
470.0 1429
480.0 1499
490.0 1618
500.0 1791
510.0 1941
520.0 1916
530.0 2017
540.0 2276
550.0 2310
560.0 2292
570.0 2352
580.0 2286
590.0 2339
600.0 2226
610.0 2100
620.0 2073
630.0 1876
640.0 1799
650.0 1707
660.0 1480
670.0 1314
680.0 1145
690.0 987
700.0 858
710.0 703
720.0 571
730.0 454
740.0 380
750.0 296
760.0 229
770.0 190
780.0 107
790.0 100
800.0 52
810.0 53
820.0 35
830.0 22
840.0 22
850.0 13
860.0 13
870.0 4
880.0 3
890.0 4
900.0 2
910.0 0
920.0 0
930.0 1
940.0 0
950.0 0
960.0 0
970.0 0
980.0 0
990.0 0
1000.0 0
1010.0 0
1020.0 0
1030.0 0
1040.0 0
1050.0 0
1060.0 0
1070.0 0
1080.0 0
1090.0 0
1100.0 0
1110.0 0
1120.0 0
1130.0 0
1140.0 0
1150.0 0
1160.0 0
1170.0 0
1180.0 0
1190.0 0
1200.0 0
1210.0 0
1220.0 0
1230.0 0
1240.0 0
1250.0 0
1260.0 0
1270.0 0
1280.0 0
1290.0 0
1300.0 0
1310.0 0
1320.0 0
1330.0 0
1340.0 0
1350.0 0
1360.0 0
1370.0 0
1380.0 0
1390.0 0
1400.0 0
1410.0 0
1420.0 0
1430.0 0
1440.0 0
1450.0 0
1460.0 0
1470.0 0
1480.0 0
1490.0 0
