0.0 20
10.0 26
20.0 41
30.0 42
40.0 52
50.0 70
60.0 57
70.0 96
80.0 104
90.0 126
100.0 129
110.0 154
120.0 174
130.0 213
140.0 241
150.0 254
160.0 281
170.0 343
180.0 379
190.0 436
200.0 429
210.0 471
220.0 513
230.0 559
240.0 567
250.0 616
260.0 634
270.0 665
280.0 659
290.0 728
300.0 704
310.0 785
320.0 723
330.0 781
340.0 807
350.0 840
360.0 885
370.0 876
380.0 869
390.0 907
400.0 922
410.0 898
420.0 945
430.0 918
440.0 979
450.0 954
460.0 884
470.0 950
480.0 989
490.0 979
500.0 1028
510.0 1036
520.0 1056
530.0 1069
540.0 1061
550.0 1118
560.0 1197
570.0 1221
580.0 1304
590.0 1392
600.0 1430
610.0 1581
620.0 1684
630.0 1744
640.0 1883
650.0 1980
660.0 2088
670.0 2129
680.0 2232
690.0 2308
700.0 2344
710.0 2292
720.0 2438
730.0 2399
740.0 2283
750.0 2205
760.0 2129
770.0 2055
780.0 1923
790.0 1726
800.0 1571
810.0 1398
820.0 1225
830.0 1127
840.0 906
850.0 775
860.0 650
870.0 505
880.0 417
890.0 346
900.0 269
910.0 203
920.0 154
930.0 112
940.0 81
950.0 83
960.0 44
970.0 27
980.0 26
990.0 13
1000.0 14
1010.0 6
1020.0 2
1030.0 3
1040.0 1
1050.0 1
1060.0 2
1070.0 0
1080.0 1
1090.0 0
1100.0 0
1110.0 0
1120.0 0
1130.0 0
1140.0 0
1150.0 0
1160.0 0
1170.0 0
1180.0 0
1190.0 0
1200.0 0
1210.0 0
1220.0 0
1230.0 0
1240.0 0
1250.0 0
1260.0 0
1270.0 0
1280.0 0
1290.0 0
1300.0 0
1310.0 0
1320.0 0
1330.0 0
1340.0 0
1350.0 0
1360.0 0
1370.0 0
1380.0 0
1390.0 0
1400.0 0
1410.0 0
1420.0 0
1430.0 0
1440.0 0
1450.0 0
1460.0 0
1470.0 0
1480.0 0
1490.0 0
