0.0 123
10.0 137
20.0 143
30.0 183
40.0 216
50.0 275
60.0 326
70.0 379
80.0 439
90.0 551
100.0 567
110.0 677
120.0 749
130.0 797
140.0 858
150.0 983
160.0 965
170.0 1011
180.0 1123
190.0 1108
200.0 1190
210.0 1168
220.0 1272
230.0 1300
240.0 1308
250.0 1225
260.0 1285
270.0 1280
280.0 1310
290.0 1257
300.0 1265
310.0 1246
320.0 1176
330.0 1241
340.0 1215
350.0 1188
360.0 1265
370.0 1215
380.0 1345
390.0 1427
400.0 1356
410.0 1410
420.0 1471
430.0 1546
440.0 1587
450.0 1681
460.0 1741
470.0 1787
480.0 1812
490.0 1927
500.0 2002
510.0 1906
520.0 1990
530.0 1845
540.0 1777
550.0 1706
560.0 1731
570.0 1591
580.0 1423
590.0 1370
600.0 1255
610.0 1067
620.0 1010
630.0 878
640.0 721
650.0 642
660.0 505
670.0 401
680.0 325
690.0 258
700.0 206
710.0 157
720.0 119
730.0 98
740.0 62
750.0 52
760.0 34
770.0 17
780.0 20
790.0 9
800.0 11
810.0 2
820.0 2
830.0 2
840.0 0
850.0 0
860.0 1
870.0 0
880.0 0
890.0 0
900.0 0
910.0 0
920.0 0
930.0 0
940.0 0
950.0 0
960.0 0
970.0 0
980.0 0
990.0 0
1000.0 0
1010.0 0
1020.0 0
1030.0 0
1040.0 0
1050.0 0
1060.0 0
1070.0 0
1080.0 0
1090.0 0
1100.0 0
1110.0 0
1120.0 0
1130.0 0
1140.0 0
1150.0 0
1160.0 0
1170.0 0
1180.0 0
1190.0 0
1200.0 0
1210.0 0
1220.0 0
1230.0 0
1240.0 0
1250.0 0
1260.0 0
1270.0 0
1280.0 0
1290.0 0
1300.0 0
1310.0 0
1320.0 0
1330.0 0
1340.0 0
1350.0 0
1360.0 0
1370.0 0
1380.0 0
1390.0 0
1400.0 0
1410.0 0
1420.0 0
1430.0 0
1440.0 0
1450.0 0
1460.0 0
1470.0 0
1480.0 0
1490.0 0
