0.0 11
10.0 10
20.0 19
30.0 20
40.0 20
50.0 22
60.0 24
70.0 30
80.0 41
90.0 46
100.0 59
110.0 62
120.0 88
130.0 73
140.0 101
150.0 90
160.0 146
170.0 140
180.0 163
190.0 203
200.0 212
210.0 224
220.0 226
230.0 296
240.0 317
250.0 345
260.0 369
270.0 399
280.0 398
290.0 454
300.0 410
310.0 479
320.0 492
330.0 527
340.0 561
350.0 514
360.0 561
370.0 546
380.0 608
390.0 604
400.0 602
410.0 576
420.0 589
430.0 617
440.0 587
450.0 608
460.0 639
470.0 620
480.0 637
490.0 627
500.0 627
510.0 608
520.0 628
530.0 669
540.0 631
550.0 589
560.0 657
570.0 650
580.0 645
590.0 734
600.0 719
610.0 736
620.0 749
630.0 788
640.0 874
650.0 862
660.0 949
670.0 1011
680.0 1086
690.0 1161
700.0 1377
710.0 1461
720.0 1586
730.0 1860
740.0 1843
750.0 1964
760.0 2173
770.0 2439
780.0 2510
790.0 2747
800.0 2741
810.0 2880
820.0 2953
830.0 2982
840.0 2883
850.0 2827
860.0 2690
870.0 2568
880.0 2492
890.0 2300
900.0 2033
910.0 1817
920.0 1673
930.0 1396
940.0 1285
950.0 1003
960.0 887
970.0 723
980.0 582
990.0 482
1000.0 413
1010.0 286
1020.0 202
1030.0 159
1040.0 121
1050.0 104
1060.0 70
1070.0 46
1080.0 49
1090.0 19
1100.0 15
1110.0 3
1120.0 8
1130.0 3
1140.0 3
1150.0 4
1160.0 1
1170.0 1
1180.0 0
1190.0 0
1200.0 0
1210.0 0
1220.0 0
1230.0 0
1240.0 0
1250.0 0
1260.0 0
1270.0 0
1280.0 0
1290.0 0
1300.0 0
1310.0 0
1320.0 0
1330.0 0
1340.0 0
1350.0 0
1360.0 0
1370.0 0
1380.0 0
1390.0 0
1400.0 0
1410.0 0
1420.0 0
1430.0 0
1440.0 0
1450.0 0
1460.0 0
1470.0 0
1480.0 0
1490.0 0
