0.0 79
10.0 120
20.0 155
30.0 191
40.0 220
50.0 233
60.0 294
70.0 375
80.0 393
90.0 502
100.0 563
110.0 608
120.0 664
130.0 753
140.0 851
150.0 902
160.0 922
170.0 991
180.0 1065
190.0 1122
200.0 1147
210.0 1157
220.0 1214
230.0 1246
240.0 1260
250.0 1265
260.0 1249
270.0 1164
280.0 1157
290.0 1143
300.0 1174
310.0 1132
320.0 1144
330.0 1202
340.0 1158
350.0 1220
360.0 1167
370.0 1192
380.0 1256
390.0 1332
400.0 1317
410.0 1462
420.0 1466
430.0 1468
440.0 1629
450.0 1686
460.0 1738
470.0 1867
480.0 1854
490.0 2026
500.0 1935
510.0 2027
520.0 1906
530.0 1995
540.0 1982
550.0 1904
560.0 1797
570.0 1715
580.0 1582
590.0 1463
600.0 1334
610.0 1179
620.0 1032
630.0 914
640.0 755
650.0 705
660.0 561
670.0 442
680.0 399
690.0 287
700.0 239
710.0 186
720.0 136
730.0 106
740.0 69
750.0 39
760.0 44
770.0 29
780.0 25
790.0 16
800.0 11
810.0 8
820.0 4
830.0 3
840.0 1
850.0 0
860.0 0
870.0 1
880.0 0
890.0 0
900.0 0
910.0 0
920.0 0
930.0 0
940.0 0
950.0 0
960.0 0
970.0 0
980.0 0
990.0 0
1000.0 0
1010.0 0
1020.0 0
1030.0 0
1040.0 0
1050.0 0
1060.0 0
1070.0 0
1080.0 0
1090.0 0
1100.0 0
1110.0 0
1120.0 0
1130.0 0
1140.0 0
1150.0 0
1160.0 0
1170.0 0
1180.0 0
1190.0 0
1200.0 0
1210.0 0
1220.0 0
1230.0 0
1240.0 0
1250.0 0
1260.0 0
1270.0 0
1280.0 0
1290.0 0
1300.0 0
1310.0 0
1320.0 0
1330.0 0
1340.0 0
1350.0 0
1360.0 0
1370.0 0
1380.0 0
1390.0 0
1400.0 0
1410.0 0
1420.0 0
1430.0 0
1440.0 0
1450.0 0
1460.0 0
1470.0 0
1480.0 0
1490.0 0
