0.0 11
10.0 17
20.0 14
30.0 22
40.0 23
50.0 23
60.0 37
70.0 46
80.0 31
90.0 63
100.0 80
110.0 91
120.0 109
130.0 111
140.0 140
150.0 147
160.0 187
170.0 206
180.0 202
190.0 268
200.0 280
210.0 327
220.0 344
230.0 387
240.0 439
250.0 415
260.0 503
270.0 495
280.0 506
290.0 562
300.0 552
310.0 572
320.0 555
330.0 634
340.0 650
350.0 639
360.0 649
370.0 592
380.0 638
390.0 667
400.0 685
410.0 648
420.0 650
430.0 669
440.0 672
450.0 688
460.0 680
470.0 672
480.0 714
490.0 679
500.0 668
510.0 690
520.0 701
530.0 757
540.0 670
550.0 745
560.0 777
570.0 808
580.0 797
590.0 907
600.0 937
610.0 965
620.0 1078
630.0 1145
640.0 1191
650.0 1256
660.0 1463
670.0 1545
680.0 1670
690.0 1918
700.0 1933
710.0 2176
720.0 2310
730.0 2523
740.0 2554
750.0 2755
760.0 2804
770.0 2796
780.0 2911
790.0 2751
800.0 2752
810.0 2732
820.0 2502
830.0 2368
840.0 2171
850.0 1919
860.0 1828
870.0 1561
880.0 1418
890.0 1234
900.0 1062
910.0 822
920.0 721
930.0 580
940.0 472
950.0 365
960.0 282
970.0 217
980.0 152
990.0 99
1000.0 85
1010.0 67
1020.0 30
1030.0 36
1040.0 23
1050.0 16
1060.0 9
1070.0 9
1080.0 4
1090.0 1
1100.0 2
1110.0 2
1120.0 0
1130.0 1
1140.0 2
1150.0 0
1160.0 0
1170.0 0
1180.0 1
1190.0 0
1200.0 0
1210.0 0
1220.0 0
1230.0 0
1240.0 0
1250.0 0
1260.0 0
1270.0 0
1280.0 0
1290.0 0
1300.0 0
1310.0 0
1320.0 0
1330.0 0
1340.0 0
1350.0 0
1360.0 0
1370.0 0
1380.0 0
1390.0 0
1400.0 0
1410.0 0
1420.0 0
1430.0 0
1440.0 0
1450.0 0
1460.0 0
1470.0 0
1480.0 0
1490.0 0
