0.0 170
10.0 201
20.0 264
30.0 298
40.0 357
50.0 458
60.0 456
70.0 575
80.0 621
90.0 736
100.0 779
110.0 887
120.0 979
130.0 1037
140.0 1149
150.0 1237
160.0 1334
170.0 1359
180.0 1414
190.0 1434
200.0 1502
210.0 1541
220.0 1499
230.0 1450
240.0 1486
250.0 1456
260.0 1438
270.0 1432
280.0 1383
290.0 1325
300.0 1353
310.0 1371
320.0 1286
330.0 1450
340.0 1341
350.0 1398
360.0 1485
370.0 1478
380.0 1578
390.0 1553
400.0 1666
410.0 1825
420.0 1887
430.0 1909
440.0 2018
450.0 2017
460.0 2023
470.0 2019
480.0 2043
490.0 2058
500.0 1936
510.0 1810
520.0 1667
530.0 1682
540.0 1562
550.0 1381
560.0 1295
570.0 1106
580.0 935
590.0 816
600.0 690
610.0 557
620.0 534
630.0 401
640.0 333
650.0 252
660.0 185
670.0 145
680.0 121
690.0 85
700.0 60
710.0 52
720.0 25
730.0 24
740.0 9
750.0 9
760.0 6
770.0 5
780.0 2
790.0 6
800.0 3
810.0 1
820.0 0
830.0 0
840.0 0
850.0 0
860.0 0
870.0 0
880.0 0
890.0 0
900.0 0
910.0 0
920.0 0
930.0 0
940.0 0
950.0 0
960.0 0
970.0 0
980.0 0
990.0 0
1000.0 0
1010.0 0
1020.0 0
1030.0 0
1040.0 0
1050.0 0
1060.0 0
1070.0 0
1080.0 0
1090.0 0
1100.0 0
1110.0 0
1120.0 0
1130.0 0
1140.0 0
1150.0 0
1160.0 0
1170.0 0
1180.0 0
1190.0 0
1200.0 0
1210.0 0
1220.0 0
1230.0 0
1240.0 0
1250.0 0
1260.0 0
1270.0 0
1280.0 0
1290.0 0
1300.0 0
1310.0 0
1320.0 0
1330.0 0
1340.0 0
1350.0 0
1360.0 0
1370.0 0
1380.0 0
1390.0 0
1400.0 0
1410.0 0
1420.0 0
1430.0 0
1440.0 0
1450.0 0
1460.0 0
1470.0 0
1480.0 0
1490.0 0
