0.0 10
10.0 10
20.0 13
30.0 12
40.0 13
50.0 29
60.0 35
70.0 36
80.0 39
90.0 68
100.0 73
110.0 76
120.0 80
130.0 100
140.0 134
150.0 129
160.0 152
170.0 186
180.0 204
190.0 232
200.0 253
210.0 301
220.0 333
230.0 376
240.0 375
250.0 432
260.0 415
270.0 443
280.0 512
290.0 488
300.0 504
310.0 533
320.0 585
330.0 540
340.0 572
350.0 587
360.0 609
370.0 598
380.0 605
390.0 579
400.0 564
410.0 591
420.0 620
430.0 578
440.0 639
450.0 631
460.0 548
470.0 586
480.0 528
490.0 601
500.0 584
510.0 600
520.0 592
530.0 628
540.0 631
550.0 675
560.0 614
570.0 708
580.0 682
590.0 758
600.0 794
610.0 864
620.0 921
630.0 977
640.0 1088
650.0 1225
660.0 1298
670.0 1489
680.0 1728
690.0 1881
700.0 1991
710.0 2165
720.0 2355
730.0 2625
740.0 2706
750.0 2833
760.0 2891
770.0 3080
780.0 3017
790.0 3033
800.0 2994
810.0 2950
820.0 2822
830.0 2649
840.0 2415
850.0 2150
860.0 1971
870.0 1663
880.0 1567
890.0 1367
900.0 1196
910.0 940
920.0 748
930.0 645
940.0 517
950.0 389
960.0 278
970.0 266
980.0 186
990.0 145
1000.0 84
1010.0 61
1020.0 49
1030.0 38
1040.0 14
1050.0 16
1060.0 13
1070.0 6
1080.0 4
1090.0 8
1100.0 2
1110.0 3
1120.0 0
1130.0 0
1140.0 0
1150.0 0
1160.0 0
1170.0 0
1180.0 0
1190.0 0
1200.0 0
1210.0 0
1220.0 0
1230.0 0
1240.0 0
1250.0 0
1260.0 0
1270.0 0
1280.0 0
1290.0 0
1300.0 0
1310.0 0
1320.0 0
1330.0 0
1340.0 0
1350.0 0
1360.0 0
1370.0 0
1380.0 0
1390.0 0
1400.0 0
1410.0 0
1420.0 0
1430.0 0
1440.0 0
1450.0 0
1460.0 0
1470.0 0
1480.0 0
1490.0 0
