0.0 24
10.0 23
20.0 37
30.0 37
40.0 41
50.0 53
60.0 62
70.0 102
80.0 90
90.0 105
100.0 162
110.0 163
120.0 215
130.0 225
140.0 266
150.0 265
160.0 323
170.0 390
180.0 390
190.0 450
200.0 493
210.0 536
220.0 561
230.0 584
240.0 636
250.0 652
260.0 701
270.0 774
280.0 754
290.0 803
300.0 774
310.0 755
320.0 730
330.0 727
340.0 806
350.0 732
360.0 720
370.0 729
380.0 743
390.0 705
400.0 705
410.0 686
420.0 731
430.0 701
440.0 703
450.0 699
460.0 724
470.0 744
480.0 751
490.0 823
500.0 767
510.0 857
520.0 989
530.0 1003
540.0 1179
550.0 1207
560.0 1342
570.0 1448
580.0 1605
590.0 1761
600.0 1907
610.0 2121
620.0 2214
630.0 2383
640.0 2452
650.0 2622
660.0 2633
670.0 2730
680.0 2689
690.0 2789
700.0 2725
710.0 2681
720.0 2587
730.0 2403
740.0 2176
750.0 1974
760.0 1836
770.0 1586
780.0 1461
790.0 1246
800.0 1038
810.0 873
820.0 697
830.0 589
840.0 435
850.0 371
860.0 293
870.0 206
880.0 170
890.0 116
900.0 90
910.0 83
920.0 48
930.0 37
940.0 23
950.0 16
960.0 13
970.0 2
980.0 2
990.0 2
1000.0 0
1010.0 0
1020.0 3
1030.0 0
1040.0 1
1050.0 0
1060.0 2
1070.0 0
1080.0 0
1090.0 0
1100.0 0
1110.0 0
1120.0 0
1130.0 0
1140.0 0
1150.0 0
1160.0 0
1170.0 0
1180.0 0
1190.0 0
1200.0 0
1210.0 0
1220.0 0
1230.0 0
1240.0 0
1250.0 0
1260.0 0
1270.0 0
1280.0 0
1290.0 0
1300.0 0
1310.0 0
1320.0 0
1330.0 0
1340.0 0
1350.0 0
1360.0 0
1370.0 0
1380.0 0
1390.0 0
1400.0 0
1410.0 0
1420.0 0
1430.0 0
1440.0 0
1450.0 0
1460.0 0
1470.0 0
1480.0 0
1490.0 0
