0.0 150
10.0 192
20.0 205
30.0 316
40.0 337
50.0 421
60.0 527
70.0 597
80.0 619
90.0 763
100.0 800
110.0 1000
120.0 1039
130.0 1074
140.0 1198
150.0 1241
160.0 1300
170.0 1340
180.0 1434
190.0 1463
200.0 1564
210.0 1505
220.0 1547
230.0 1514
240.0 1454
250.0 1487
260.0 1480
270.0 1439
280.0 1415
290.0 1381
300.0 1383
310.0 1306
320.0 1368
330.0 1390
340.0 1454
350.0 1442
360.0 1513
370.0 1533
380.0 1583
390.0 1643
400.0 1740
410.0 1765
420.0 1858
430.0 1849
440.0 1914
450.0 1981
460.0 2036
470.0 1953
480.0 1979
490.0 1951
500.0 1902
510.0 1775
520.0 1774
530.0 1602
540.0 1462
550.0 1353
560.0 1219
570.0 1064
580.0 885
590.0 817
600.0 687
610.0 561
620.0 455
630.0 340
640.0 338
650.0 260
660.0 220
670.0 142
680.0 103
690.0 72
700.0 54
710.0 31
720.0 27
730.0 31
740.0 17
750.0 8
760.0 2
770.0 4
780.0 4
790.0 0
800.0 1
810.0 1
820.0 1
830.0 0
840.0 0
850.0 1
860.0 0
870.0 0
880.0 0
890.0 0
900.0 0
910.0 0
920.0 0
930.0 0
940.0 0
950.0 0
960.0 0
970.0 0
980.0 0
990.0 0
1000.0 0
1010.0 0
1020.0 0
1030.0 0
1040.0 0
1050.0 0
1060.0 0
1070.0 0
1080.0 0
1090.0 0
1100.0 0
1110.0 0
1120.0 0
1130.0 0
1140.0 0
1150.0 0
1160.0 0
1170.0 0
1180.0 0
1190.0 0
1200.0 0
1210.0 0
1220.0 0
1230.0 0
1240.0 0
1250.0 0
1260.0 0
1270.0 0
1280.0 0
1290.0 0
1300.0 0
1310.0 0
1320.0 0
1330.0 0
1340.0 0
1350.0 0
1360.0 0
1370.0 0
1380.0 0
1390.0 0
1400.0 0
1410.0 0
1420.0 0
1430.0 0
1440.0 0
1450.0 0
1460.0 0
1470.0 0
1480.0 0
1490.0 0
