0.0 13
10.0 14
20.0 20
30.0 17
40.0 19
50.0 23
60.0 32
70.0 39
80.0 42
90.0 37
100.0 59
110.0 60
120.0 60
130.0 78
140.0 86
150.0 101
160.0 109
170.0 135
180.0 137
190.0 164
200.0 204
210.0 228
220.0 229
230.0 241
240.0 268
250.0 285
260.0 303
270.0 348
280.0 389
290.0 402
300.0 367
310.0 394
320.0 470
330.0 516
340.0 482
350.0 509
360.0 508
370.0 597
380.0 502
390.0 552
400.0 618
410.0 592
420.0 611
430.0 633
440.0 676
450.0 699
460.0 707
470.0 738
480.0 714
490.0 741
500.0 788
510.0 744
520.0 782
530.0 795
540.0 824
550.0 804
560.0 784
570.0 830
580.0 813
590.0 822
600.0 876
610.0 899
620.0 900
630.0 836
640.0 931
650.0 884
660.0 973
670.0 931
680.0 1022
690.0 1022
700.0 1113
710.0 1100
720.0 1152
730.0 1270
740.0 1348
750.0 1461
760.0 1507
770.0 1692
780.0 1783
790.0 1902
800.0 2058
810.0 2271
820.0 2324
830.0 2366
840.0 2445
850.0 2518
860.0 2563
870.0 2567
880.0 2525
890.0 2463
900.0 2433
910.0 2375
920.0 2176
930.0 2095
940.0 1882
950.0 1682
960.0 1543
970.0 1381
980.0 1152
990.0 962
1000.0 841
1010.0 703
1020.0 565
1030.0 461
1040.0 346
1050.0 272
1060.0 239
1070.0 176
1080.0 123
1090.0 93
1100.0 54
1110.0 38
1120.0 27
1130.0 25
1140.0 13
1150.0 18
1160.0 7
1170.0 7
1180.0 3
1190.0 1
1200.0 0
1210.0 0
1220.0 0
1230.0 0
1240.0 0
1250.0 0
1260.0 0
1270.0 0
1280.0 0
1290.0 0
1300.0 0
1310.0 0
1320.0 0
1330.0 0
1340.0 0
1350.0 0
1360.0 0
1370.0 0
1380.0 0
1390.0 0
1400.0 0
1410.0 0
1420.0 0
1430.0 0
1440.0 0
1450.0 0
1460.0 0
1470.0 0
1480.0 0
1490.0 0
