0.0 157
10.0 207
20.0 253
30.0 276
40.0 335
50.0 429
60.0 490
70.0 578
80.0 672
90.0 728
100.0 868
110.0 910
120.0 995
130.0 1098
140.0 1201
150.0 1311
160.0 1409
170.0 1401
180.0 1463
190.0 1517
200.0 1500
210.0 1495
220.0 1448
230.0 1531
240.0 1486
250.0 1471
260.0 1397
270.0 1433
280.0 1357
290.0 1410
300.0 1384
310.0 1382
320.0 1461
330.0 1398
340.0 1435
350.0 1424
360.0 1431
370.0 1533
380.0 1590
390.0 1636
400.0 1714
410.0 1768
420.0 1882
430.0 1926
440.0 2013
450.0 1960
460.0 2020
470.0 1969
480.0 1923
490.0 1860
500.0 1887
510.0 1761
520.0 1702
530.0 1647
540.0 1535
550.0 1346
560.0 1196
570.0 1069
580.0 937
590.0 825
600.0 665
610.0 555
620.0 446
630.0 361
640.0 346
650.0 217
660.0 198
670.0 139
680.0 108
690.0 61
700.0 54
710.0 38
720.0 28
730.0 17
740.0 8
750.0 8
760.0 7
770.0 3
780.0 2
790.0 1
800.0 0
810.0 2
820.0 0
830.0 0
840.0 0
850.0 0
860.0 0
870.0 0
880.0 0
890.0 0
900.0 0
910.0 0
920.0 0
930.0 0
940.0 0
950.0 0
960.0 0
970.0 0
980.0 0
990.0 0
1000.0 0
1010.0 0
1020.0 0
1030.0 0
1040.0 0
1050.0 0
1060.0 0
1070.0 0
1080.0 0
1090.0 0
1100.0 0
1110.0 0
1120.0 0
1130.0 0
1140.0 0
1150.0 0
1160.0 0
1170.0 0
1180.0 0
1190.0 0
1200.0 0
1210.0 0
1220.0 0
1230.0 0
1240.0 0
1250.0 0
1260.0 0
1270.0 0
1280.0 0
1290.0 0
1300.0 0
1310.0 0
1320.0 0
1330.0 0
1340.0 0
1350.0 0
1360.0 0
1370.0 0
1380.0 0
1390.0 0
1400.0 0
1410.0 0
1420.0 0
1430.0 0
1440.0 0
1450.0 0
1460.0 0
1470.0 0
1480.0 0
1490.0 0
