0.0 33
10.0 33
20.0 54
30.0 59
40.0 85
50.0 91
60.0 118
70.0 119
80.0 158
90.0 169
100.0 233
110.0 248
120.0 284
130.0 268
140.0 341
150.0 384
160.0 415
170.0 421
180.0 500
190.0 531
200.0 614
210.0 616
220.0 673
230.0 751
240.0 762
250.0 736
260.0 830
270.0 879
280.0 860
290.0 798
300.0 858
310.0 881
320.0 911
330.0 889
340.0 899
350.0 990
360.0 951
370.0 943
380.0 1034
390.0 943
400.0 992
410.0 972
420.0 999
430.0 971
440.0 1068
450.0 985
460.0 1043
470.0 1093
480.0 1088
490.0 1067
500.0 1212
510.0 1161
520.0 1295
530.0 1307
540.0 1349
550.0 1459
560.0 1479
570.0 1672
580.0 1768
590.0 1836
600.0 1933
610.0 1986
620.0 2091
630.0 2091
640.0 2219
650.0 2227
660.0 2304
670.0 2391
680.0 2267
690.0 2196
700.0 2244
710.0 2031
720.0 1986
730.0 1832
740.0 1654
750.0 1544
760.0 1320
770.0 1114
780.0 1018
790.0 892
800.0 714
810.0 598
820.0 498
830.0 441
840.0 330
850.0 238
860.0 180
870.0 150
880.0 120
890.0 72
900.0 53
910.0 39
920.0 23
930.0 25
940.0 18
950.0 7
960.0 6
970.0 7
980.0 2
990.0 2
1000.0 3
1010.0 1
1020.0 1
1030.0 0
1040.0 0
1050.0 0
1060.0 0
1070.0 0
1080.0 0
1090.0 0
1100.0 0
1110.0 0
1120.0 0
1130.0 0
1140.0 0
1150.0 0
1160.0 0
1170.0 0
1180.0 0
1190.0 0
1200.0 0
1210.0 0
1220.0 0
1230.0 0
1240.0 0
1250.0 0
1260.0 0
1270.0 0
1280.0 0
1290.0 0
1300.0 0
1310.0 0
1320.0 0
1330.0 0
1340.0 0
1350.0 0
1360.0 0
1370.0 0
1380.0 0
1390.0 0
1400.0 0
1410.0 0
1420.0 0
1430.0 0
1440.0 0
1450.0 0
1460.0 0
1470.0 0
1480.0 0
1490.0 0
