0.0 11
10.0 8
20.0 7
30.0 13
40.0 13
50.0 16
60.0 14
70.0 18
80.0 24
90.0 25
100.0 40
110.0 52
120.0 47
130.0 40
140.0 74
150.0 82
160.0 90
170.0 103
180.0 121
190.0 117
200.0 157
210.0 163
220.0 178
230.0 216
240.0 223
250.0 263
260.0 296
270.0 264
280.0 322
290.0 347
300.0 371
310.0 374
320.0 435
330.0 416
340.0 426
350.0 482
360.0 448
370.0 479
380.0 474
390.0 519
400.0 547
410.0 534
420.0 529
430.0 581
440.0 520
450.0 556
460.0 566
470.0 598
480.0 580
490.0 577
500.0 574
510.0 568
520.0 578
530.0 568
540.0 607
550.0 594
560.0 589
570.0 604
580.0 589
590.0 652
600.0 625
610.0 609
620.0 679
630.0 622
640.0 681
650.0 643
660.0 717
670.0 744
680.0 742
690.0 833
700.0 868
710.0 947
720.0 994
730.0 1061
740.0 1204
750.0 1314
760.0 1497
770.0 1583
780.0 1815
790.0 1865
800.0 2052
810.0 2209
820.0 2402
830.0 2615
840.0 2634
850.0 2831
860.0 2792
870.0 2992
880.0 2935
890.0 3049
900.0 2883
910.0 2793
920.0 2643
930.0 2492
940.0 2403
950.0 2133
960.0 1910
970.0 1692
980.0 1510
990.0 1330
1000.0 1136
1010.0 942
1020.0 751
1030.0 632
1040.0 513
1050.0 393
1060.0 322
1070.0 245
1080.0 181
1090.0 106
1100.0 110
1110.0 61
1120.0 44
1130.0 34
1140.0 18
1150.0 19
1160.0 14
1170.0 5
1180.0 2
1190.0 4
1200.0 3
1210.0 0
1220.0 1
1230.0 0
1240.0 0
1250.0 0
1260.0 0
1270.0 0
1280.0 0
1290.0 0
1300.0 0
1310.0 0
1320.0 0
1330.0 0
1340.0 0
1350.0 0
1360.0 0
1370.0 0
1380.0 0
1390.0 0
1400.0 0
1410.0 0
1420.0 0
1430.0 0
1440.0 0
1450.0 0
1460.0 0
1470.0 0
1480.0 0
1490.0 0
