0.0 77
10.0 94
20.0 132
30.0 125
40.0 185
50.0 223
60.0 273
70.0 333
80.0 394
90.0 443
100.0 520
110.0 543
120.0 613
130.0 747
140.0 734
150.0 793
160.0 936
170.0 952
180.0 1062
190.0 1019
200.0 1074
210.0 1140
220.0 1103
230.0 1169
240.0 1097
250.0 1118
260.0 1198
270.0 1150
280.0 1104
290.0 1089
300.0 1087
310.0 1001
320.0 1034
330.0 1037
340.0 1056
350.0 1025
360.0 1067
370.0 1061
380.0 1088
390.0 1199
400.0 1196
410.0 1287
420.0 1378
430.0 1516
440.0 1621
450.0 1767
460.0 1790
470.0 1842
480.0 1973
490.0 1946
500.0 2089
510.0 2103
520.0 2263
530.0 2168
540.0 2199
550.0 2151
560.0 1877
570.0 1868
580.0 1742
590.0 1641
600.0 1510
610.0 1347
620.0 1185
630.0 1047
640.0 893
650.0 762
660.0 677
670.0 517
680.0 474
690.0 370
700.0 268
710.0 204
720.0 170
730.0 118
740.0 96
750.0 62
760.0 49
770.0 28
780.0 31
790.0 19
800.0 9
810.0 14
820.0 8
830.0 3
840.0 2
850.0 0
860.0 0
870.0 1
880.0 0
890.0 0
900.0 0
910.0 0
920.0 0
930.0 0
940.0 0
950.0 0
960.0 0
970.0 0
980.0 0
990.0 0
1000.0 0
1010.0 0
1020.0 0
1030.0 0
1040.0 0
1050.0 0
1060.0 0
1070.0 0
1080.0 0
1090.0 0
1100.0 0
1110.0 0
1120.0 0
1130.0 0
1140.0 0
1150.0 0
1160.0 0
1170.0 0
1180.0 0
1190.0 0
1200.0 0
1210.0 0
1220.0 0
1230.0 0
1240.0 0
1250.0 0
1260.0 0
1270.0 0
1280.0 0
1290.0 0
1300.0 0
1310.0 0
1320.0 0
1330.0 0
1340.0 0
1350.0 0
1360.0 0
1370.0 0
1380.0 0
1390.0 0
1400.0 0
1410.0 0
1420.0 0
1430.0 0
1440.0 0
1450.0 0
1460.0 0
1470.0 0
1480.0 0
1490.0 0
