0.0 159
10.0 188
20.0 245
30.0 297
40.0 356
50.0 436
60.0 483
70.0 566
80.0 698
90.0 738
100.0 846
110.0 958
120.0 975
130.0 1100
140.0 1206
150.0 1295
160.0 1307
170.0 1364
180.0 1431
190.0 1490
200.0 1443
210.0 1503
220.0 1545
230.0 1505
240.0 1479
250.0 1504
260.0 1374
270.0 1418
280.0 1438
290.0 1459
300.0 1389
310.0 1380
320.0 1394
330.0 1443
340.0 1366
350.0 1434
360.0 1453
370.0 1478
380.0 1576
390.0 1680
400.0 1733
410.0 1788
420.0 1891
430.0 1905
440.0 1916
450.0 2007
460.0 2012
470.0 1980
480.0 1963
490.0 1988
500.0 1970
510.0 1829
520.0 1739
530.0 1611
540.0 1458
550.0 1335
560.0 1183
570.0 1055
580.0 891
590.0 772
600.0 694
610.0 562
620.0 434
630.0 370
640.0 283
650.0 224
660.0 184
670.0 133
680.0 107
690.0 90
700.0 50
710.0 38
720.0 24
730.0 22
740.0 5
750.0 8
760.0 6
770.0 2
780.0 2
790.0 1
800.0 1
810.0 1
820.0 0
830.0 0
840.0 0
850.0 0
860.0 0
870.0 0
880.0 0
890.0 0
900.0 0
910.0 0
920.0 0
930.0 0
940.0 0
950.0 0
960.0 0
970.0 0
980.0 0
990.0 0
1000.0 0
1010.0 0
1020.0 0
1030.0 0
1040.0 0
1050.0 0
1060.0 0
1070.0 0
1080.0 0
1090.0 0
1100.0 0
1110.0 0
1120.0 0
1130.0 0
1140.0 0
1150.0 0
1160.0 0
1170.0 0
1180.0 0
1190.0 0
1200.0 0
1210.0 0
1220.0 0
1230.0 0
1240.0 0
1250.0 0
1260.0 0
1270.0 0
1280.0 0
1290.0 0
1300.0 0
1310.0 0
1320.0 0
1330.0 0
1340.0 0
1350.0 0
1360.0 0
1370.0 0
1380.0 0
1390.0 0
1400.0 0
1410.0 0
1420.0 0
1430.0 0
1440.0 0
1450.0 0
1460.0 0
1470.0 0
1480.0 0
1490.0 0
