0.0 68
10.0 80
20.0 97
30.0 139
40.0 166
50.0 191
60.0 205
70.0 264
80.0 302
90.0 380
100.0 390
110.0 497
120.0 543
130.0 579
140.0 624
150.0 701
160.0 694
170.0 813
180.0 885
190.0 895
200.0 923
210.0 940
220.0 1059
230.0 1077
240.0 1090
250.0 1114
260.0 1140
270.0 1120
280.0 1079
290.0 1131
300.0 1112
310.0 1081
320.0 1137
330.0 1092
340.0 1107
350.0 1093
360.0 1163
370.0 1113
380.0 1144
390.0 1191
400.0 1148
410.0 1205
420.0 1240
430.0 1236
440.0 1356
450.0 1402
460.0 1412
470.0 1532
480.0 1577
490.0 1709
500.0 1723
510.0 1916
520.0 1966
530.0 2057
540.0 2022
550.0 2080
560.0 2099
570.0 2116
580.0 2028
590.0 1984
600.0 2005
610.0 1937
620.0 1771
630.0 1616
640.0 1473
650.0 1376
660.0 1226
670.0 1118
680.0 958
690.0 803
700.0 687
710.0 524
720.0 447
730.0 367
740.0 305
750.0 233
760.0 169
770.0 136
780.0 85
790.0 89
800.0 64
810.0 37
820.0 31
830.0 22
840.0 10
850.0 11
860.0 5
870.0 5
880.0 0
890.0 1
900.0 2
910.0 1
920.0 0
930.0 0
940.0 0
950.0 0
960.0 0
970.0 0
980.0 0
990.0 0
1000.0 0
1010.0 0
1020.0 0
1030.0 0
1040.0 0
1050.0 0
1060.0 0
1070.0 0
1080.0 0
1090.0 0
1100.0 0
1110.0 0
1120.0 0
1130.0 0
1140.0 0
1150.0 0
1160.0 0
1170.0 0
1180.0 0
1190.0 0
1200.0 0
1210.0 0
1220.0 0
1230.0 0
1240.0 0
1250.0 0
1260.0 0
1270.0 0
1280.0 0
1290.0 0
1300.0 0
1310.0 0
1320.0 0
1330.0 0
1340.0 0
1350.0 0
1360.0 0
1370.0 0
1380.0 0
1390.0 0
1400.0 0
1410.0 0
1420.0 0
1430.0 0
1440.0 0
1450.0 0
1460.0 0
1470.0 0
1480.0 0
1490.0 0
