0.0 103
10.0 139
20.0 157
30.0 197
40.0 277
50.0 259
60.0 350
70.0 393
80.0 456
90.0 489
100.0 635
110.0 667
120.0 744
130.0 765
140.0 791
150.0 925
160.0 1026
170.0 1039
180.0 1090
190.0 1171
200.0 1210
210.0 1223
220.0 1267
230.0 1255
240.0 1288
250.0 1215
260.0 1262
270.0 1206
280.0 1271
290.0 1230
300.0 1247
310.0 1222
320.0 1276
330.0 1210
340.0 1212
350.0 1236
360.0 1200
370.0 1320
380.0 1268
390.0 1390
400.0 1356
410.0 1423
420.0 1528
430.0 1504
440.0 1624
450.0 1691
460.0 1693
470.0 1819
480.0 1826
490.0 1877
500.0 1901
510.0 1980
520.0 1911
530.0 1932
540.0 1819
550.0 1829
560.0 1664
570.0 1607
580.0 1517
590.0 1331
600.0 1180
610.0 1129
620.0 935
630.0 916
640.0 727
650.0 624
660.0 479
670.0 407
680.0 309
690.0 259
700.0 218
710.0 164
720.0 107
730.0 80
740.0 78
750.0 40
760.0 35
770.0 28
780.0 15
790.0 10
800.0 12
810.0 4
820.0 4
830.0 3
840.0 2
850.0 1
860.0 0
870.0 0
880.0 0
890.0 1
900.0 0
910.0 1
920.0 0
930.0 0
940.0 0
950.0 0
960.0 0
970.0 0
980.0 0
990.0 0
1000.0 0
1010.0 0
1020.0 0
1030.0 0
1040.0 0
1050.0 0
1060.0 0
1070.0 0
1080.0 0
1090.0 0
1100.0 0
1110.0 0
1120.0 0
1130.0 0
1140.0 0
1150.0 0
1160.0 0
1170.0 0
1180.0 0
1190.0 0
1200.0 0
1210.0 0
1220.0 0
1230.0 0
1240.0 0
1250.0 0
1260.0 0
1270.0 0
1280.0 0
1290.0 0
1300.0 0
1310.0 0
1320.0 0
1330.0 0
1340.0 0
1350.0 0
1360.0 0
1370.0 0
1380.0 0
1390.0 0
1400.0 0
1410.0 0
1420.0 0
1430.0 0
1440.0 0
1450.0 0
1460.0 0
1470.0 0
1480.0 0
1490.0 0
