0.0 19
10.0 15
20.0 29
30.0 39
40.0 53
50.0 64
60.0 62
70.0 99
80.0 111
90.0 125
100.0 149
110.0 176
120.0 161
130.0 220
140.0 216
150.0 300
160.0 310
170.0 330
180.0 363
190.0 413
200.0 446
210.0 487
220.0 512
230.0 563
240.0 567
250.0 649
260.0 639
270.0 638
280.0 741
290.0 661
300.0 786
310.0 710
320.0 732
330.0 810
340.0 749
350.0 898
360.0 811
370.0 891
380.0 880
390.0 913
400.0 890
410.0 916
420.0 887
430.0 891
440.0 901
450.0 887
460.0 922
470.0 893
480.0 955
490.0 991
500.0 1030
510.0 1022
520.0 1010
530.0 1064
540.0 1081
550.0 1137
560.0 1204
570.0 1216
580.0 1267
590.0 1423
600.0 1465
610.0 1543
620.0 1592
630.0 1806
640.0 1920
650.0 1985
660.0 2101
670.0 2163
680.0 2235
690.0 2313
700.0 2422
710.0 2401
720.0 2379
730.0 2437
740.0 2333
750.0 2243
760.0 2209
770.0 1976
780.0 1863
790.0 1807
800.0 1627
810.0 1373
820.0 1228
830.0 1052
840.0 938
850.0 745
860.0 626
870.0 496
880.0 396
890.0 350
900.0 239
910.0 205
920.0 150
930.0 113
940.0 85
950.0 71
960.0 39
970.0 31
980.0 27
990.0 23
1000.0 14
1010.0 8
1020.0 2
1030.0 4
1040.0 0
1050.0 0
1060.0 0
1070.0 1
1080.0 0
1090.0 0
1100.0 0
1110.0 0
1120.0 0
1130.0 0
1140.0 0
1150.0 0
1160.0 0
1170.0 0
1180.0 0
1190.0 0
1200.0 0
1210.0 0
1220.0 0
1230.0 0
1240.0 0
1250.0 0
1260.0 0
1270.0 0
1280.0 0
1290.0 0
1300.0 0
1310.0 0
1320.0 0
1330.0 0
1340.0 0
1350.0 0
1360.0 0
1370.0 0
1380.0 0
1390.0 0
1400.0 0
1410.0 0
1420.0 0
1430.0 0
1440.0 0
1450.0 0
1460.0 0
1470.0 0
1480.0 0
1490.0 0
