0.0 166
10.0 202
20.0 244
30.0 322
40.0 386
50.0 458
60.0 553
70.0 580
80.0 673
90.0 844
100.0 872
110.0 946
120.0 1109
130.0 1148
140.0 1294
150.0 1242
160.0 1436
170.0 1358
180.0 1471
190.0 1545
200.0 1497
210.0 1518
220.0 1539
230.0 1511
240.0 1475
250.0 1521
260.0 1472
270.0 1483
280.0 1443
290.0 1471
300.0 1402
310.0 1418
320.0 1466
330.0 1476
340.0 1430
350.0 1464
360.0 1546
370.0 1554
380.0 1619
390.0 1747
400.0 1688
410.0 1830
420.0 1805
430.0 1876
440.0 1905
450.0 1953
460.0 2006
470.0 1947
480.0 1931
490.0 1860
500.0 1807
510.0 1685
520.0 1605
530.0 1529
540.0 1371
550.0 1308
560.0 1112
570.0 967
580.0 848
590.0 668
600.0 635
610.0 492
620.0 416
630.0 345
640.0 293
650.0 205
660.0 180
670.0 105
680.0 83
690.0 74
700.0 54
710.0 41
720.0 26
730.0 23
740.0 9
750.0 4
760.0 5
770.0 5
780.0 1
790.0 2
800.0 0
810.0 1
820.0 0
830.0 1
840.0 0
850.0 0
860.0 0
870.0 0
880.0 0
890.0 0
900.0 0
910.0 0
920.0 0
930.0 0
940.0 0
950.0 0
960.0 0
970.0 0
980.0 0
990.0 0
1000.0 0
1010.0 0
1020.0 0
1030.0 0
1040.0 0
1050.0 0
1060.0 0
1070.0 0
1080.0 0
1090.0 0
1100.0 0
1110.0 0
1120.0 0
1130.0 0
1140.0 0
1150.0 0
1160.0 0
1170.0 0
1180.0 0
1190.0 0
1200.0 0
1210.0 0
1220.0 0
1230.0 0
1240.0 0
1250.0 0
1260.0 0
1270.0 0
1280.0 0
1290.0 0
1300.0 0
1310.0 0
1320.0 0
1330.0 0
1340.0 0
1350.0 0
1360.0 0
1370.0 0
1380.0 0
1390.0 0
1400.0 0
1410.0 0
1420.0 0
1430.0 0
1440.0 0
1450.0 0
1460.0 0
1470.0 0
1480.0 0
1490.0 0
