0.0 26
10.0 31
20.0 44
30.0 42
40.0 54
50.0 59
60.0 64
70.0 93
80.0 91
90.0 152
100.0 147
110.0 186
120.0 221
130.0 243
140.0 282
150.0 314
160.0 326
170.0 362
180.0 427
190.0 438
200.0 518
210.0 599
220.0 608
230.0 612
240.0 710
250.0 680
260.0 728
270.0 720
280.0 741
290.0 793
300.0 812
310.0 788
320.0 760
330.0 825
340.0 795
350.0 750
360.0 810
370.0 819
380.0 769
390.0 746
400.0 766
410.0 744
420.0 719
430.0 749
440.0 763
450.0 813
460.0 769
470.0 838
480.0 832
490.0 839
500.0 895
510.0 954
520.0 948
530.0 1093
540.0 1185
550.0 1278
560.0 1417
570.0 1533
580.0 1653
590.0 1818
600.0 1891
610.0 1948
620.0 2176
630.0 2359
640.0 2390
650.0 2551
660.0 2534
670.0 2755
680.0 2680
690.0 2662
700.0 2563
710.0 2566
720.0 2424
730.0 2273
740.0 2056
750.0 1890
760.0 1696
770.0 1528
780.0 1341
790.0 1175
800.0 925
810.0 848
820.0 677
830.0 579
840.0 430
850.0 374
860.0 259
870.0 196
880.0 169
890.0 129
900.0 74
910.0 71
920.0 40
930.0 18
940.0 17
950.0 19
960.0 11
970.0 5
980.0 2
990.0 2
1000.0 1
1010.0 0
1020.0 1
1030.0 0
1040.0 0
1050.0 0
1060.0 1
1070.0 0
1080.0 0
1090.0 0
1100.0 0
1110.0 0
1120.0 0
1130.0 0
1140.0 0
1150.0 0
1160.0 0
1170.0 0
1180.0 0
1190.0 0
1200.0 0
1210.0 0
1220.0 0
1230.0 0
1240.0 0
1250.0 0
1260.0 0
1270.0 0
1280.0 0
1290.0 0
1300.0 0
1310.0 0
1320.0 0
1330.0 0
1340.0 0
1350.0 0
1360.0 0
1370.0 0
1380.0 0
1390.0 0
1400.0 0
1410.0 0
1420.0 0
1430.0 0
1440.0 0
1450.0 0
1460.0 0
1470.0 0
1480.0 0
1490.0 0
