0.0 12
10.0 9
20.0 17
30.0 10
40.0 20
50.0 18
60.0 20
70.0 35
80.0 35
90.0 31
100.0 37
110.0 52
120.0 46
130.0 71
140.0 92
150.0 80
160.0 119
170.0 121
180.0 146
190.0 151
200.0 196
210.0 172
220.0 209
230.0 236
240.0 267
250.0 270
260.0 301
270.0 314
280.0 370
290.0 379
300.0 415
310.0 413
320.0 434
330.0 465
340.0 465
350.0 508
360.0 547
370.0 489
380.0 602
390.0 576
400.0 615
410.0 600
420.0 586
430.0 627
440.0 642
450.0 622
460.0 674
470.0 686
480.0 726
490.0 740
500.0 718
510.0 721
520.0 740
530.0 774
540.0 753
550.0 777
560.0 722
570.0 775
580.0 775
590.0 767
600.0 783
610.0 759
620.0 774
630.0 838
640.0 806
650.0 901
660.0 857
670.0 970
680.0 965
690.0 975
700.0 986
710.0 1127
720.0 1160
730.0 1246
740.0 1346
750.0 1428
760.0 1559
770.0 1664
780.0 1782
790.0 1962
800.0 2084
810.0 2188
820.0 2224
830.0 2433
840.0 2485
850.0 2528
860.0 2681
870.0 2605
880.0 2675
890.0 2636
900.0 2558
910.0 2401
920.0 2309
930.0 2201
940.0 2046
950.0 1771
960.0 1648
970.0 1398
980.0 1243
990.0 1038
1000.0 878
1010.0 764
1020.0 621
1030.0 426
1040.0 442
1050.0 312
1060.0 255
1070.0 183
1080.0 129
1090.0 92
1100.0 71
1110.0 49
1120.0 26
1130.0 30
1140.0 21
1150.0 11
1160.0 5
1170.0 5
1180.0 3
1190.0 1
1200.0 4
1210.0 0
1220.0 0
1230.0 0
1240.0 1
1250.0 0
1260.0 0
1270.0 0
1280.0 0
1290.0 0
1300.0 0
1310.0 0
1320.0 0
1330.0 0
1340.0 0
1350.0 0
1360.0 0
1370.0 0
1380.0 0
1390.0 0
1400.0 0
1410.0 0
1420.0 0
1430.0 0
1440.0 0
1450.0 0
1460.0 0
1470.0 0
1480.0 0
1490.0 0
