0.0 14
10.0 12
20.0 16
30.0 8
40.0 32
50.0 22
60.0 34
70.0 39
80.0 62
90.0 54
100.0 69
110.0 72
120.0 86
130.0 121
140.0 117
150.0 146
160.0 169
170.0 169
180.0 211
190.0 249
200.0 240
210.0 269
220.0 309
230.0 342
240.0 363
250.0 399
260.0 390
270.0 478
280.0 441
290.0 488
300.0 519
310.0 527
320.0 613
330.0 567
340.0 602
350.0 630
360.0 583
370.0 733
380.0 590
390.0 684
400.0 655
410.0 722
420.0 708
430.0 696
440.0 762
450.0 763
460.0 812
470.0 797
480.0 793
490.0 846
500.0 822
510.0 798
520.0 842
530.0 864
540.0 861
550.0 935
560.0 877
570.0 862
580.0 892
590.0 907
600.0 898
610.0 1008
620.0 986
630.0 996
640.0 1052
650.0 1114
660.0 1130
670.0 1214
680.0 1277
690.0 1323
700.0 1456
710.0 1603
720.0 1629
730.0 1721
740.0 1796
750.0 1939
760.0 2144
770.0 2377
780.0 2327
790.0 2382
800.0 2547
810.0 2568
820.0 2546
830.0 2463
840.0 2465
850.0 2447
860.0 2274
870.0 2204
880.0 2055
890.0 1780
900.0 1788
910.0 1455
920.0 1327
930.0 1165
940.0 934
950.0 796
960.0 688
970.0 632
980.0 431
990.0 328
1000.0 288
1010.0 209
1020.0 160
1030.0 123
1040.0 95
1050.0 69
1060.0 52
1070.0 37
1080.0 28
1090.0 11
1100.0 8
1110.0 8
1120.0 7
1130.0 4
1140.0 1
1150.0 1
1160.0 0
1170.0 0
1180.0 0
1190.0 0
1200.0 0
1210.0 0
1220.0 0
1230.0 0
1240.0 0
1250.0 0
1260.0 0
1270.0 0
1280.0 0
1290.0 0
1300.0 0
1310.0 0
1320.0 0
1330.0 0
1340.0 0
1350.0 0
1360.0 0
1370.0 0
1380.0 0
1390.0 0
1400.0 0
1410.0 0
1420.0 0
1430.0 0
1440.0 0
1450.0 0
1460.0 0
1470.0 0
1480.0 0
1490.0 0
