0.0 6
10.0 10
20.0 13
30.0 7
40.0 15
50.0 17
60.0 27
70.0 31
80.0 30
90.0 34
100.0 32
110.0 59
120.0 65
130.0 51
140.0 79
150.0 113
160.0 104
170.0 135
180.0 148
190.0 164
200.0 183
210.0 214
220.0 222
230.0 249
240.0 295
250.0 299
260.0 337
270.0 385
280.0 393
290.0 422
300.0 414
310.0 500
320.0 477
330.0 502
340.0 480
350.0 520
360.0 526
370.0 554
380.0 549
390.0 576
400.0 509
410.0 561
420.0 574
430.0 484
440.0 537
450.0 563
460.0 506
470.0 523
480.0 551
490.0 514
500.0 527
510.0 561
520.0 546
530.0 519
540.0 516
550.0 553
560.0 552
570.0 510
580.0 561
590.0 568
600.0 608
610.0 591
620.0 704
630.0 710
640.0 733
650.0 716
660.0 824
670.0 891
680.0 1023
690.0 1091
700.0 1254
710.0 1354
720.0 1521
730.0 1650
740.0 1929
750.0 1997
760.0 2165
770.0 2413
780.0 2635
790.0 2727
800.0 2957
810.0 3035
820.0 3060
830.0 3198
840.0 3157
850.0 3052
860.0 2956
870.0 2856
880.0 2649
890.0 2461
900.0 2281
910.0 2128
920.0 1856
930.0 1633
940.0 1413
950.0 1169
960.0 1009
970.0 764
980.0 681
990.0 536
1000.0 439
1010.0 320
1020.0 234
1030.0 207
1040.0 161
1050.0 101
1060.0 69
1070.0 47
1080.0 43
1090.0 24
1100.0 17
1110.0 11
1120.0 13
1130.0 10
1140.0 1
1150.0 1
1160.0 0
1170.0 0
1180.0 0
1190.0 0
1200.0 0
1210.0 0
1220.0 0
1230.0 0
1240.0 0
1250.0 0
1260.0 0
1270.0 0
1280.0 0
1290.0 0
1300.0 0
1310.0 0
1320.0 0
1330.0 0
1340.0 0
1350.0 0
1360.0 0
1370.0 0
1380.0 0
1390.0 0
1400.0 0
1410.0 0
1420.0 0
1430.0 0
1440.0 0
1450.0 0
1460.0 0
1470.0 0
1480.0 0
1490.0 0
