0.0 149
10.0 176
20.0 196
30.0 295
40.0 312
50.0 389
60.0 466
70.0 538
80.0 600
90.0 709
100.0 768
110.0 836
120.0 1018
130.0 1112
140.0 1167
150.0 1230
160.0 1355
170.0 1370
180.0 1378
190.0 1415
200.0 1440
210.0 1459
220.0 1497
230.0 1480
240.0 1375
250.0 1404
260.0 1358
270.0 1375
280.0 1346
290.0 1324
300.0 1317
310.0 1253
320.0 1282
330.0 1333
340.0 1385
350.0 1327
360.0 1483
370.0 1460
380.0 1534
390.0 1691
400.0 1683
410.0 1729
420.0 1950
430.0 1968
440.0 2082
450.0 2079
460.0 2089
470.0 2110
480.0 2071
490.0 2074
500.0 1963
510.0 1862
520.0 1848
530.0 1775
540.0 1571
550.0 1514
560.0 1353
570.0 1142
580.0 938
590.0 920
600.0 680
610.0 585
620.0 522
630.0 369
640.0 324
650.0 264
660.0 190
670.0 127
680.0 123
690.0 75
700.0 72
710.0 55
720.0 33
730.0 22
740.0 15
750.0 11
760.0 4
770.0 4
780.0 5
790.0 0
800.0 0
810.0 1
820.0 0
830.0 0
840.0 0
850.0 0
860.0 0
870.0 0
880.0 0
890.0 0
900.0 0
910.0 0
920.0 0
930.0 0
940.0 0
950.0 0
960.0 0
970.0 0
980.0 0
990.0 0
1000.0 0
1010.0 0
1020.0 0
1030.0 0
1040.0 0
1050.0 0
1060.0 0
1070.0 0
1080.0 0
1090.0 0
1100.0 0
1110.0 0
1120.0 0
1130.0 0
1140.0 0
1150.0 0
1160.0 0
1170.0 0
1180.0 0
1190.0 0
1200.0 0
1210.0 0
1220.0 0
1230.0 0
1240.0 0
1250.0 0
1260.0 0
1270.0 0
1280.0 0
1290.0 0
1300.0 0
1310.0 0
1320.0 0
1330.0 0
1340.0 0
1350.0 0
1360.0 0
1370.0 0
1380.0 0
1390.0 0
1400.0 0
1410.0 0
1420.0 0
1430.0 0
1440.0 0
1450.0 0
1460.0 0
1470.0 0
1480.0 0
1490.0 0
