0.0 8
10.0 8
20.0 7
30.0 13
40.0 18
50.0 23
60.0 12
70.0 34
80.0 34
90.0 32
100.0 38
110.0 44
120.0 69
130.0 72
140.0 68
150.0 97
160.0 116
170.0 111
180.0 143
190.0 192
200.0 186
210.0 224
220.0 218
230.0 270
240.0 272
250.0 306
260.0 360
270.0 350
280.0 373
290.0 403
300.0 469
310.0 432
320.0 484
330.0 524
340.0 498
350.0 544
360.0 517
370.0 589
380.0 486
390.0 555
400.0 527
410.0 533
420.0 550
430.0 525
440.0 538
450.0 516
460.0 509
470.0 545
480.0 565
490.0 527
500.0 549
510.0 540
520.0 506
530.0 546
540.0 565
550.0 553
560.0 547
570.0 556
580.0 536
590.0 602
600.0 585
610.0 616
620.0 638
630.0 652
640.0 751
650.0 748
660.0 789
670.0 943
680.0 979
690.0 1084
700.0 1236
710.0 1338
720.0 1416
730.0 1711
740.0 1891
750.0 2002
760.0 2322
770.0 2468
780.0 2600
790.0 2720
800.0 2966
810.0 2873
820.0 3174
830.0 3096
840.0 3146
850.0 3048
860.0 3001
870.0 2874
880.0 2599
890.0 2467
900.0 2273
910.0 2154
920.0 1866
930.0 1609
940.0 1409
950.0 1245
960.0 1011
970.0 860
980.0 673
990.0 520
1000.0 421
1010.0 323
1020.0 248
1030.0 198
1040.0 146
1050.0 93
1060.0 70
1070.0 63
1080.0 42
1090.0 19
1100.0 19
1110.0 6
1120.0 5
1130.0 8
1140.0 2
1150.0 6
1160.0 1
1170.0 0
1180.0 1
1190.0 0
1200.0 0
1210.0 0
1220.0 0
1230.0 0
1240.0 0
1250.0 0
1260.0 0
1270.0 0
1280.0 0
1290.0 0
1300.0 0
1310.0 0
1320.0 0
1330.0 0
1340.0 0
1350.0 0
1360.0 0
1370.0 0
1380.0 0
1390.0 0
1400.0 0
1410.0 0
1420.0 0
1430.0 0
1440.0 0
1450.0 0
1460.0 0
1470.0 0
1480.0 0
1490.0 0
