0.0 8
10.0 7
20.0 10
30.0 17
40.0 16
50.0 12
60.0 18
70.0 23
80.0 21
90.0 31
100.0 33
110.0 48
120.0 56
130.0 44
140.0 68
150.0 68
160.0 94
170.0 100
180.0 106
190.0 129
200.0 153
210.0 137
220.0 179
230.0 191
240.0 227
250.0 221
260.0 269
270.0 246
280.0 292
290.0 304
300.0 378
310.0 359
320.0 390
330.0 416
340.0 441
350.0 430
360.0 471
370.0 451
380.0 469
390.0 449
400.0 497
410.0 495
420.0 494
430.0 486
440.0 535
450.0 483
460.0 539
470.0 526
480.0 520
490.0 529
500.0 560
510.0 521
520.0 590
530.0 548
540.0 548
550.0 528
560.0 527
570.0 532
580.0 544
590.0 543
600.0 585
610.0 556
620.0 620
630.0 589
640.0 577
650.0 637
660.0 681
670.0 647
680.0 740
690.0 740
700.0 842
710.0 943
720.0 966
730.0 1036
740.0 1230
750.0 1242
760.0 1429
770.0 1549
780.0 1736
790.0 1912
800.0 2051
810.0 2237
820.0 2465
830.0 2645
840.0 2789
850.0 2848
860.0 2999
870.0 3176
880.0 3130
890.0 3100
900.0 3097
910.0 3008
920.0 2790
930.0 2667
940.0 2445
950.0 2317
960.0 1962
970.0 1821
980.0 1598
990.0 1329
1000.0 1063
1010.0 939
1020.0 783
1030.0 643
1040.0 492
1050.0 434
1060.0 314
1070.0 224
1080.0 172
1090.0 140
1100.0 87
1110.0 57
1120.0 54
1130.0 33
1140.0 22
1150.0 17
1160.0 5
1170.0 9
1180.0 4
1190.0 1
1200.0 1
1210.0 1
1220.0 1
1230.0 0
1240.0 0
1250.0 0
1260.0 0
1270.0 0
1280.0 0
1290.0 0
1300.0 0
1310.0 0
1320.0 0
1330.0 0
1340.0 0
1350.0 0
1360.0 0
1370.0 0
1380.0 0
1390.0 0
1400.0 0
1410.0 0
1420.0 0
1430.0 0
1440.0 0
1450.0 0
1460.0 0
1470.0 0
1480.0 0
1490.0 0
