0.0 11
10.0 19
20.0 18
30.0 17
40.0 37
50.0 33
60.0 49
70.0 68
80.0 71
90.0 84
100.0 96
110.0 116
120.0 130
130.0 177
140.0 177
150.0 200
160.0 220
170.0 269
180.0 294
190.0 342
200.0 345
210.0 416
220.0 464
230.0 484
240.0 517
250.0 515
260.0 549
270.0 589
280.0 641
290.0 638
300.0 642
310.0 675
320.0 669
330.0 733
340.0 684
350.0 685
360.0 672
370.0 702
380.0 678
390.0 725
400.0 673
410.0 682
420.0 715
430.0 684
440.0 673
450.0 693
460.0 636
470.0 716
480.0 721
490.0 679
500.0 699
510.0 761
520.0 764
530.0 776
540.0 824
550.0 884
560.0 922
570.0 1000
580.0 1051
590.0 1235
600.0 1319
610.0 1392
620.0 1481
630.0 1624
640.0 1773
650.0 1939
660.0 2155
670.0 2360
680.0 2474
690.0 2568
700.0 2715
710.0 2815
720.0 2829
730.0 2803
740.0 2752
750.0 2757
760.0 2605
770.0 2573
780.0 2403
790.0 2210
800.0 2047
810.0 1788
820.0 1587
830.0 1461
840.0 1264
850.0 1034
860.0 838
870.0 664
880.0 552
890.0 460
900.0 386
910.0 281
920.0 227
930.0 169
940.0 139
950.0 88
960.0 65
970.0 39
980.0 39
990.0 26
1000.0 12
1010.0 10
1020.0 8
1030.0 4
1040.0 3
1050.0 0
1060.0 2
1070.0 1
1080.0 0
1090.0 0
1100.0 0
1110.0 0
1120.0 0
1130.0 0
1140.0 0
1150.0 0
1160.0 0
1170.0 0
1180.0 0
1190.0 0
1200.0 0
1210.0 0
1220.0 0
1230.0 0
1240.0 0
1250.0 0
1260.0 0
1270.0 0
1280.0 0
1290.0 0
1300.0 0
1310.0 0
1320.0 0
1330.0 0
1340.0 0
1350.0 0
1360.0 0
1370.0 0
1380.0 0
1390.0 0
1400.0 0
1410.0 0
1420.0 0
1430.0 0
1440.0 0
1450.0 0
1460.0 0
1470.0 0
1480.0 0
1490.0 0
