0.0 34
10.0 41
20.0 50
30.0 62
40.0 65
50.0 102
60.0 102
70.0 139
80.0 177
90.0 188
100.0 207
110.0 294
120.0 323
130.0 324
140.0 370
150.0 445
160.0 490
170.0 582
180.0 580
190.0 693
200.0 677
210.0 677
220.0 820
230.0 729
240.0 822
250.0 815
260.0 920
270.0 887
280.0 896
290.0 900
300.0 948
310.0 833
320.0 870
330.0 894
340.0 799
350.0 826
360.0 794
370.0 851
380.0 833
390.0 862
400.0 855
410.0 870
420.0 864
430.0 908
440.0 891
450.0 943
460.0 969
470.0 1000
480.0 1082
490.0 1113
500.0 1284
510.0 1375
520.0 1479
530.0 1577
540.0 1740
550.0 1895
560.0 1966
570.0 2038
580.0 2248
590.0 2275
600.0 2394
610.0 2440
620.0 2595
630.0 2529
640.0 2501
650.0 2426
660.0 2437
670.0 2229
680.0 2071
690.0 2014
700.0 1796
710.0 1606
720.0 1402
730.0 1265
740.0 1098
750.0 860
760.0 783
770.0 639
780.0 528
790.0 428
800.0 365
810.0 246
820.0 171
830.0 140
840.0 114
850.0 78
860.0 51
870.0 30
880.0 36
890.0 21
900.0 14
910.0 8
920.0 10
930.0 3
940.0 1
950.0 0
960.0 2
970.0 2
980.0 2
990.0 0
1000.0 0
1010.0 0
1020.0 0
1030.0 0
1040.0 0
1050.0 0
1060.0 0
1070.0 0
1080.0 0
1090.0 0
1100.0 0
1110.0 0
1120.0 0
1130.0 0
1140.0 0
1150.0 0
1160.0 0
1170.0 0
1180.0 0
1190.0 0
1200.0 0
1210.0 0
1220.0 0
1230.0 0
1240.0 0
1250.0 0
1260.0 0
1270.0 0
1280.0 0
1290.0 0
1300.0 0
1310.0 0
1320.0 0
1330.0 0
1340.0 0
1350.0 0
1360.0 0
1370.0 0
1380.0 0
1390.0 0
1400.0 0
1410.0 0
1420.0 0
1430.0 0
1440.0 0
1450.0 0
1460.0 0
1470.0 0
1480.0 0
1490.0 0
