0.0 133
10.0 188
20.0 199
30.0 276
40.0 343
50.0 384
60.0 487
70.0 542
80.0 640
90.0 742
100.0 840
110.0 899
120.0 994
130.0 1036
140.0 1164
150.0 1247
160.0 1277
170.0 1355
180.0 1443
190.0 1502
200.0 1495
210.0 1442
220.0 1498
230.0 1450
240.0 1477
250.0 1460
260.0 1541
270.0 1383
280.0 1360
290.0 1311
300.0 1377
310.0 1367
320.0 1327
330.0 1382
340.0 1413
350.0 1436
360.0 1475
370.0 1468
380.0 1593
390.0 1696
400.0 1640
410.0 1767
420.0 1842
430.0 1932
440.0 1945
450.0 2051
460.0 2069
470.0 2048
480.0 2066
490.0 2038
500.0 1993
510.0 1888
520.0 1751
530.0 1677
540.0 1575
550.0 1332
560.0 1220
570.0 1148
580.0 947
590.0 825
600.0 660
610.0 536
620.0 480
630.0 388
640.0 315
650.0 223
660.0 190
670.0 150
680.0 117
690.0 73
700.0 62
710.0 44
720.0 27
730.0 21
740.0 17
750.0 14
760.0 8
770.0 2
780.0 5
790.0 1
800.0 3
810.0 0
820.0 1
830.0 0
840.0 0
850.0 0
860.0 0
870.0 0
880.0 0
890.0 0
900.0 0
910.0 0
920.0 0
930.0 0
940.0 0
950.0 0
960.0 0
970.0 0
980.0 0
990.0 0
1000.0 0
1010.0 0
1020.0 0
1030.0 0
1040.0 0
1050.0 0
1060.0 0
1070.0 0
1080.0 0
1090.0 0
1100.0 0
1110.0 0
1120.0 0
1130.0 0
1140.0 0
1150.0 0
1160.0 0
1170.0 0
1180.0 0
1190.0 0
1200.0 0
1210.0 0
1220.0 0
1230.0 0
1240.0 0
1250.0 0
1260.0 0
1270.0 0
1280.0 0
1290.0 0
1300.0 0
1310.0 0
1320.0 0
1330.0 0
1340.0 0
1350.0 0
1360.0 0
1370.0 0
1380.0 0
1390.0 0
1400.0 0
1410.0 0
1420.0 0
1430.0 0
1440.0 0
1450.0 0
1460.0 0
1470.0 0
1480.0 0
1490.0 0
