0.0 33
10.0 37
20.0 57
30.0 60
40.0 96
50.0 107
60.0 120
70.0 112
80.0 161
90.0 200
100.0 236
110.0 262
120.0 305
130.0 332
140.0 344
150.0 439
160.0 455
170.0 591
180.0 553
190.0 655
200.0 700
210.0 734
220.0 778
230.0 788
240.0 807
250.0 841
260.0 892
270.0 872
280.0 873
290.0 897
300.0 807
310.0 904
320.0 906
330.0 914
340.0 896
350.0 865
360.0 835
370.0 825
380.0 807
390.0 813
400.0 809
410.0 809
420.0 882
430.0 916
440.0 914
450.0 931
460.0 996
470.0 1013
480.0 1086
490.0 1165
500.0 1298
510.0 1331
520.0 1418
530.0 1539
540.0 1756
550.0 1803
560.0 1930
570.0 2064
580.0 2233
590.0 2350
600.0 2423
610.0 2602
620.0 2549
630.0 2526
640.0 2595
650.0 2482
660.0 2377
670.0 2245
680.0 2148
690.0 1947
700.0 1700
710.0 1563
720.0 1378
730.0 1249
740.0 1106
750.0 967
760.0 793
770.0 675
780.0 495
790.0 395
800.0 319
810.0 265
820.0 186
830.0 152
840.0 85
850.0 68
860.0 80
870.0 36
880.0 35
890.0 16
900.0 11
910.0 4
920.0 7
930.0 3
940.0 6
950.0 2
960.0 1
970.0 0
980.0 0
990.0 0
1000.0 0
1010.0 0
1020.0 0
1030.0 0
1040.0 0
1050.0 0
1060.0 0
1070.0 0
1080.0 0
1090.0 0
1100.0 0
1110.0 0
1120.0 0
1130.0 0
1140.0 0
1150.0 0
1160.0 0
1170.0 0
1180.0 0
1190.0 0
1200.0 0
1210.0 0
1220.0 0
1230.0 0
1240.0 0
1250.0 0
1260.0 0
1270.0 0
1280.0 0
1290.0 0
1300.0 0
1310.0 0
1320.0 0
1330.0 0
1340.0 0
1350.0 0
1360.0 0
1370.0 0
1380.0 0
1390.0 0
1400.0 0
1410.0 0
1420.0 0
1430.0 0
1440.0 0
1450.0 0
1460.0 0
1470.0 0
1480.0 0
1490.0 0
