0.0 12
10.0 12
20.0 25
30.0 35
40.0 37
50.0 30
60.0 46
70.0 64
80.0 79
90.0 90
100.0 119
110.0 126
120.0 146
130.0 173
140.0 211
150.0 224
160.0 232
170.0 292
180.0 314
190.0 331
200.0 379
210.0 399
220.0 440
230.0 471
240.0 574
250.0 562
260.0 604
270.0 606
280.0 635
290.0 649
300.0 675
310.0 713
320.0 709
330.0 738
340.0 674
350.0 724
360.0 736
370.0 689
380.0 744
390.0 720
400.0 713
410.0 762
420.0 778
430.0 737
440.0 727
450.0 776
460.0 727
470.0 728
480.0 774
490.0 752
500.0 752
510.0 840
520.0 875
530.0 833
540.0 887
550.0 982
560.0 973
570.0 991
580.0 1082
590.0 1155
600.0 1328
610.0 1387
620.0 1602
630.0 1685
640.0 1853
650.0 1962
660.0 2116
670.0 2241
680.0 2369
690.0 2509
700.0 2546
710.0 2651
720.0 2849
730.0 2820
740.0 2789
750.0 2611
760.0 2573
770.0 2387
780.0 2226
790.0 2138
800.0 1867
810.0 1751
820.0 1522
830.0 1383
840.0 1154
850.0 985
860.0 782
870.0 706
880.0 576
890.0 428
900.0 355
910.0 251
920.0 207
930.0 141
940.0 97
950.0 70
960.0 51
970.0 39
980.0 27
990.0 21
1000.0 16
1010.0 9
1020.0 6
1030.0 3
1040.0 3
1050.0 1
1060.0 2
1070.0 0
1080.0 0
1090.0 0
1100.0 1
1110.0 0
1120.0 0
1130.0 0
1140.0 0
1150.0 0
1160.0 0
1170.0 0
1180.0 0
1190.0 0
1200.0 0
1210.0 0
1220.0 0
1230.0 0
1240.0 0
1250.0 0
1260.0 0
1270.0 0
1280.0 0
1290.0 0
1300.0 0
1310.0 0
1320.0 0
1330.0 0
1340.0 0
1350.0 0
1360.0 0
1370.0 0
1380.0 0
1390.0 0
1400.0 0
1410.0 0
1420.0 0
1430.0 0
1440.0 0
1450.0 0
1460.0 0
1470.0 0
1480.0 0
1490.0 0
