0.0 24
10.0 21
20.0 41
30.0 51
40.0 44
50.0 60
60.0 90
70.0 94
80.0 127
90.0 126
100.0 156
110.0 162
120.0 223
130.0 226
140.0 284
150.0 291
160.0 385
170.0 401
180.0 490
190.0 463
200.0 552
210.0 609
220.0 584
230.0 633
240.0 691
250.0 683
260.0 729
270.0 762
280.0 754
290.0 786
300.0 799
310.0 809
320.0 825
330.0 773
340.0 822
350.0 859
360.0 789
370.0 778
380.0 778
390.0 806
400.0 844
410.0 819
420.0 806
430.0 788
440.0 830
450.0 798
460.0 827
470.0 881
480.0 881
490.0 924
500.0 1013
510.0 1009
520.0 1101
530.0 1138
540.0 1215
550.0 1297
560.0 1347
570.0 1470
580.0 1645
590.0 1762
600.0 1860
610.0 2137
620.0 2147
630.0 2271
640.0 2404
650.0 2485
660.0 2581
670.0 2615
680.0 2617
690.0 2614
700.0 2460
710.0 2464
720.0 2384
730.0 2183
740.0 2009
750.0 1886
760.0 1566
770.0 1447
780.0 1243
790.0 1107
800.0 1021
810.0 739
820.0 650
830.0 508
840.0 437
850.0 315
860.0 244
870.0 192
880.0 136
890.0 123
900.0 77
910.0 62
920.0 38
930.0 34
940.0 14
950.0 9
960.0 9
970.0 8
980.0 4
990.0 1
1000.0 0
1010.0 0
1020.0 0
1030.0 0
1040.0 1
1050.0 1
1060.0 0
1070.0 0
1080.0 0
1090.0 0
1100.0 0
1110.0 0
1120.0 0
1130.0 0
1140.0 0
1150.0 0
1160.0 0
1170.0 0
1180.0 0
1190.0 0
1200.0 0
1210.0 0
1220.0 0
1230.0 0
1240.0 0
1250.0 0
1260.0 0
1270.0 0
1280.0 0
1290.0 0
1300.0 0
1310.0 0
1320.0 0
1330.0 0
1340.0 0
1350.0 0
1360.0 0
1370.0 0
1380.0 0
1390.0 0
1400.0 0
1410.0 0
1420.0 0
1430.0 0
1440.0 0
1450.0 0
1460.0 0
1470.0 0
1480.0 0
1490.0 0
