0.0 8
10.0 7
20.0 12
30.0 12
40.0 22
50.0 18
60.0 14
70.0 21
80.0 25
90.0 36
100.0 37
110.0 36
120.0 43
130.0 50
140.0 58
150.0 80
160.0 76
170.0 83
180.0 120
190.0 114
200.0 161
210.0 164
220.0 171
230.0 189
240.0 227
250.0 222
260.0 260
270.0 312
280.0 293
290.0 320
300.0 332
310.0 394
320.0 372
330.0 403
340.0 412
350.0 401
360.0 435
370.0 469
380.0 476
390.0 513
400.0 552
410.0 512
420.0 482
430.0 490
440.0 522
450.0 501
460.0 523
470.0 521
480.0 535
490.0 574
500.0 559
510.0 543
520.0 577
530.0 606
540.0 539
550.0 535
560.0 538
570.0 534
580.0 571
590.0 580
600.0 567
610.0 587
620.0 608
630.0 562
640.0 613
650.0 625
660.0 673
670.0 670
680.0 761
690.0 752
700.0 794
710.0 837
720.0 966
730.0 958
740.0 1131
750.0 1257
760.0 1401
770.0 1566
780.0 1683
790.0 1903
800.0 2078
810.0 2198
820.0 2443
830.0 2574
840.0 2858
850.0 2897
860.0 3014
870.0 3106
880.0 3055
890.0 3055
900.0 3026
910.0 2921
920.0 2768
930.0 2766
940.0 2469
950.0 2297
960.0 2096
970.0 1831
980.0 1590
990.0 1355
1000.0 1117
1010.0 993
1020.0 737
1030.0 607
1040.0 526
1050.0 446
1060.0 326
1070.0 258
1080.0 182
1090.0 135
1100.0 88
1110.0 71
1120.0 61
1130.0 38
1140.0 23
1150.0 15
1160.0 10
1170.0 6
1180.0 5
1190.0 3
1200.0 1
1210.0 0
1220.0 2
1230.0 2
1240.0 0
1250.0 0
1260.0 0
1270.0 0
1280.0 0
1290.0 0
1300.0 0
1310.0 0
1320.0 0
1330.0 0
1340.0 0
1350.0 0
1360.0 0
1370.0 0
1380.0 0
1390.0 0
1400.0 0
1410.0 0
1420.0 0
1430.0 0
1440.0 0
1450.0 0
1460.0 0
1470.0 0
1480.0 0
1490.0 0
