0.0 67
10.0 76
20.0 113
30.0 119
40.0 159
50.0 175
60.0 234
70.0 277
80.0 337
90.0 344
100.0 403
110.0 442
120.0 510
130.0 583
140.0 663
150.0 673
160.0 747
170.0 802
180.0 802
190.0 940
200.0 962
210.0 998
220.0 1052
230.0 1014
240.0 1085
250.0 1169
260.0 1084
270.0 1152
280.0 1130
290.0 1169
300.0 1119
310.0 1165
320.0 1082
330.0 1137
340.0 1168
350.0 1074
360.0 1114
370.0 1108
380.0 1136
390.0 1129
400.0 1195
410.0 1255
420.0 1216
430.0 1328
440.0 1357
450.0 1360
460.0 1439
470.0 1517
480.0 1638
490.0 1719
500.0 1786
510.0 1807
520.0 1969
530.0 2007
540.0 2009
550.0 2164
560.0 2038
570.0 2051
580.0 2067
590.0 2021
600.0 2035
610.0 1891
620.0 1748
630.0 1597
640.0 1512
650.0 1343
660.0 1198
670.0 1073
680.0 927
690.0 752
700.0 678
710.0 539
720.0 457
730.0 388
740.0 271
750.0 237
760.0 152
770.0 139
780.0 111
790.0 58
800.0 64
810.0 41
820.0 32
830.0 13
840.0 11
850.0 9
860.0 4
870.0 3
880.0 1
890.0 2
900.0 0
910.0 0
920.0 0
930.0 0
940.0 0
950.0 0
960.0 0
970.0 0
980.0 2
990.0 0
1000.0 0
1010.0 0
1020.0 0
1030.0 0
1040.0 0
1050.0 0
1060.0 0
1070.0 0
1080.0 0
1090.0 0
1100.0 0
1110.0 0
1120.0 0
1130.0 0
1140.0 0
1150.0 0
1160.0 0
1170.0 0
1180.0 0
1190.0 0
1200.0 0
1210.0 0
1220.0 0
1230.0 0
1240.0 0
1250.0 0
1260.0 0
1270.0 0
1280.0 0
1290.0 0
1300.0 0
1310.0 0
1320.0 0
1330.0 0
1340.0 0
1350.0 0
1360.0 0
1370.0 0
1380.0 0
1390.0 0
1400.0 0
1410.0 0
1420.0 0
1430.0 0
1440.0 0
1450.0 0
1460.0 0
1470.0 0
1480.0 0
1490.0 0
