0.0 212
10.0 238
20.0 283
30.0 355
40.0 402
50.0 477
60.0 574
70.0 630
80.0 756
90.0 804
100.0 900
110.0 1034
120.0 1101
130.0 1170
140.0 1274
150.0 1373
160.0 1365
170.0 1536
180.0 1469
190.0 1479
200.0 1561
210.0 1526
220.0 1567
230.0 1570
240.0 1592
250.0 1531
260.0 1504
270.0 1534
280.0 1485
290.0 1485
300.0 1494
310.0 1422
320.0 1467
330.0 1478
340.0 1509
350.0 1457
360.0 1601
370.0 1618
380.0 1625
390.0 1799
400.0 1774
410.0 1715
420.0 1799
430.0 1827
440.0 1821
450.0 1973
460.0 1926
470.0 1844
480.0 1866
490.0 1779
500.0 1757
510.0 1683
520.0 1537
530.0 1446
540.0 1288
550.0 1126
560.0 1071
570.0 846
580.0 846
590.0 649
600.0 541
610.0 432
620.0 411
630.0 307
640.0 257
650.0 205
660.0 160
670.0 116
680.0 85
690.0 64
700.0 42
710.0 34
720.0 21
730.0 10
740.0 9
750.0 9
760.0 4
770.0 2
780.0 0
790.0 2
800.0 1
810.0 1
820.0 0
830.0 0
840.0 0
850.0 0
860.0 0
870.0 0
880.0 0
890.0 0
900.0 0
910.0 0
920.0 0
930.0 0
940.0 0
950.0 0
960.0 0
970.0 0
980.0 0
990.0 0
1000.0 0
1010.0 0
1020.0 0
1030.0 0
1040.0 0
1050.0 0
1060.0 0
1070.0 0
1080.0 0
1090.0 0
1100.0 0
1110.0 0
1120.0 0
1130.0 0
1140.0 0
1150.0 0
1160.0 0
1170.0 0
1180.0 0
1190.0 0
1200.0 0
1210.0 0
1220.0 0
1230.0 0
1240.0 0
1250.0 0
1260.0 0
1270.0 0
1280.0 0
1290.0 0
1300.0 0
1310.0 0
1320.0 0
1330.0 0
1340.0 0
1350.0 0
1360.0 0
1370.0 0
1380.0 0
1390.0 0
1400.0 0
1410.0 0
1420.0 0
1430.0 0
1440.0 0
1450.0 0
1460.0 0
1470.0 0
1480.0 0
1490.0 0
