0.0 123
10.0 137
20.0 146
30.0 185
40.0 210
50.0 252
60.0 302
70.0 351
80.0 382
90.0 514
100.0 537
110.0 598
120.0 686
130.0 747
140.0 831
150.0 912
160.0 921
170.0 1030
180.0 1101
190.0 1107
200.0 1167
210.0 1231
220.0 1174
230.0 1168
240.0 1277
250.0 1266
260.0 1237
270.0 1261
280.0 1205
290.0 1186
300.0 1127
310.0 1251
320.0 1136
330.0 1176
340.0 1175
350.0 1157
360.0 1224
370.0 1195
380.0 1243
390.0 1267
400.0 1358
410.0 1423
420.0 1440
430.0 1534
440.0 1610
450.0 1684
460.0 1777
470.0 1820
480.0 1885
490.0 1949
500.0 2036
510.0 2010
520.0 1951
530.0 1882
540.0 1926
550.0 1894
560.0 1711
570.0 1603
580.0 1609
590.0 1429
600.0 1343
610.0 1211
620.0 1102
630.0 905
640.0 770
650.0 623
660.0 552
670.0 432
680.0 358
690.0 327
700.0 264
710.0 182
720.0 143
730.0 115
740.0 69
750.0 55
760.0 43
770.0 23
780.0 16
790.0 11
800.0 8
810.0 7
820.0 6
830.0 3
840.0 0
850.0 0
860.0 1
870.0 0
880.0 1
890.0 0
900.0 0
910.0 0
920.0 0
930.0 0
940.0 0
950.0 0
960.0 0
970.0 0
980.0 0
990.0 0
1000.0 0
1010.0 0
1020.0 0
1030.0 0
1040.0 0
1050.0 0
1060.0 0
1070.0 0
1080.0 0
1090.0 0
1100.0 0
1110.0 0
1120.0 0
1130.0 0
1140.0 0
1150.0 0
1160.0 0
1170.0 0
1180.0 0
1190.0 0
1200.0 0
1210.0 0
1220.0 0
1230.0 0
1240.0 0
1250.0 0
1260.0 0
1270.0 0
1280.0 0
1290.0 0
1300.0 0
1310.0 0
1320.0 0
1330.0 0
1340.0 0
1350.0 0
1360.0 0
1370.0 0
1380.0 0
1390.0 0
1400.0 0
1410.0 0
1420.0 0
1430.0 0
1440.0 0
1450.0 0
1460.0 0
1470.0 0
1480.0 0
1490.0 0
