0.0 129
10.0 124
20.0 167
30.0 229
40.0 277
50.0 286
60.0 346
70.0 408
80.0 499
90.0 530
100.0 567
110.0 703
120.0 775
130.0 761
140.0 828
150.0 898
160.0 1035
170.0 1058
180.0 1189
190.0 1162
200.0 1247
210.0 1255
220.0 1245
230.0 1289
240.0 1293
250.0 1239
260.0 1329
270.0 1293
280.0 1249
290.0 1312
300.0 1309
310.0 1235
320.0 1280
330.0 1169
340.0 1288
350.0 1252
360.0 1333
370.0 1275
380.0 1334
390.0 1346
400.0 1454
410.0 1513
420.0 1486
430.0 1505
440.0 1618
450.0 1696
460.0 1705
470.0 1808
480.0 1854
490.0 1930
500.0 1873
510.0 1886
520.0 1806
530.0 1792
540.0 1746
550.0 1758
560.0 1610
570.0 1536
580.0 1439
590.0 1324
600.0 1131
610.0 1077
620.0 934
630.0 798
640.0 669
650.0 556
660.0 487
670.0 383
680.0 347
690.0 249
700.0 199
710.0 167
720.0 98
730.0 93
740.0 48
750.0 47
760.0 32
770.0 21
780.0 15
790.0 10
800.0 9
810.0 6
820.0 6
830.0 0
840.0 1
850.0 0
860.0 3
870.0 0
880.0 1
890.0 0
900.0 0
910.0 0
920.0 0
930.0 0
940.0 0
950.0 0
960.0 0
970.0 0
980.0 0
990.0 0
1000.0 0
1010.0 0
1020.0 0
1030.0 0
1040.0 0
1050.0 0
1060.0 0
1070.0 0
1080.0 0
1090.0 0
1100.0 0
1110.0 0
1120.0 0
1130.0 0
1140.0 0
1150.0 0
1160.0 0
1170.0 0
1180.0 0
1190.0 0
1200.0 0
1210.0 0
1220.0 0
1230.0 0
1240.0 0
1250.0 0
1260.0 0
1270.0 0
1280.0 0
1290.0 0
1300.0 0
1310.0 0
1320.0 0
1330.0 0
1340.0 0
1350.0 0
1360.0 0
1370.0 0
1380.0 0
1390.0 0
1400.0 0
1410.0 0
1420.0 0
1430.0 0
1440.0 0
1450.0 0
1460.0 0
1470.0 0
1480.0 0
1490.0 0
