0.0 179
10.0 249
20.0 285
30.0 343
40.0 416
50.0 499
60.0 544
70.0 611
80.0 738
90.0 823
100.0 924
110.0 999
120.0 1085
130.0 1218
140.0 1228
150.0 1305
160.0 1405
170.0 1482
180.0 1461
190.0 1540
200.0 1591
210.0 1540
220.0 1636
230.0 1552
240.0 1521
250.0 1470
260.0 1521
270.0 1554
280.0 1483
290.0 1444
300.0 1391
310.0 1422
320.0 1464
330.0 1397
340.0 1546
350.0 1570
360.0 1532
370.0 1643
380.0 1629
390.0 1716
400.0 1697
410.0 1837
420.0 1799
430.0 1865
440.0 1851
450.0 1897
460.0 1923
470.0 1942
480.0 1805
490.0 1841
500.0 1749
510.0 1711
520.0 1471
530.0 1484
540.0 1345
550.0 1197
560.0 1065
570.0 938
580.0 828
590.0 657
600.0 585
610.0 524
620.0 365
630.0 294
640.0 227
650.0 180
660.0 137
670.0 105
680.0 86
690.0 70
700.0 49
710.0 25
720.0 25
730.0 18
740.0 15
750.0 9
760.0 7
770.0 4
780.0 1
790.0 0
800.0 1
810.0 0
820.0 0
830.0 0
840.0 0
850.0 0
860.0 0
870.0 0
880.0 0
890.0 0
900.0 0
910.0 0
920.0 0
930.0 0
940.0 0
950.0 0
960.0 0
970.0 0
980.0 0
990.0 0
1000.0 0
1010.0 0
1020.0 0
1030.0 0
1040.0 0
1050.0 0
1060.0 0
1070.0 0
1080.0 0
1090.0 0
1100.0 0
1110.0 0
1120.0 0
1130.0 0
1140.0 0
1150.0 0
1160.0 0
1170.0 0
1180.0 0
1190.0 0
1200.0 0
1210.0 0
1220.0 0
1230.0 0
1240.0 0
1250.0 0
1260.0 0
1270.0 0
1280.0 0
1290.0 0
1300.0 0
1310.0 0
1320.0 0
1330.0 0
1340.0 0
1350.0 0
1360.0 0
1370.0 0
1380.0 0
1390.0 0
1400.0 0
1410.0 0
1420.0 0
1430.0 0
1440.0 0
1450.0 0
1460.0 0
1470.0 0
1480.0 0
1490.0 0
