0.0 66
10.0 99
20.0 143
30.0 169
40.0 197
50.0 236
60.0 247
70.0 300
80.0 398
90.0 405
100.0 492
110.0 546
120.0 645
130.0 715
140.0 752
150.0 762
160.0 856
170.0 902
180.0 994
190.0 1051
200.0 1042
210.0 1109
220.0 1119
230.0 1139
240.0 1164
250.0 1150
260.0 1121
270.0 1108
280.0 1116
290.0 1126
300.0 1045
310.0 1114
320.0 1002
330.0 1084
340.0 1041
350.0 1056
360.0 1070
370.0 1055
380.0 1208
390.0 1144
400.0 1258
410.0 1325
420.0 1342
430.0 1406
440.0 1590
450.0 1683
460.0 1767
470.0 1821
480.0 1964
490.0 2066
500.0 2046
510.0 2155
520.0 2190
530.0 2161
540.0 2170
550.0 2089
560.0 2051
570.0 1892
580.0 1733
590.0 1662
600.0 1556
610.0 1349
620.0 1228
630.0 1050
640.0 903
650.0 786
660.0 640
670.0 590
680.0 496
690.0 309
700.0 284
710.0 227
720.0 171
730.0 139
740.0 87
750.0 63
760.0 48
770.0 28
780.0 22
790.0 14
800.0 12
810.0 6
820.0 2
830.0 4
840.0 2
850.0 3
860.0 1
870.0 1
880.0 1
890.0 1
900.0 0
910.0 0
920.0 0
930.0 0
940.0 0
950.0 0
960.0 0
970.0 0
980.0 0
990.0 0
1000.0 0
1010.0 0
1020.0 0
1030.0 0
1040.0 0
1050.0 0
1060.0 0
1070.0 0
1080.0 0
1090.0 0
1100.0 0
1110.0 0
1120.0 0
1130.0 0
1140.0 0
1150.0 0
1160.0 0
1170.0 0
1180.0 0
1190.0 0
1200.0 0
1210.0 0
1220.0 0
1230.0 0
1240.0 0
1250.0 0
1260.0 0
1270.0 0
1280.0 0
1290.0 0
1300.0 0
1310.0 0
1320.0 0
1330.0 0
1340.0 0
1350.0 0
1360.0 0
1370.0 0
1380.0 0
1390.0 0
1400.0 0
1410.0 0
1420.0 0
1430.0 0
1440.0 0
1450.0 0
1460.0 0
1470.0 0
1480.0 0
1490.0 0
