0.0 94
10.0 106
20.0 125
30.0 162
40.0 204
50.0 222
60.0 309
70.0 353
80.0 360
90.0 424
100.0 479
110.0 581
120.0 659
130.0 694
140.0 757
150.0 875
160.0 933
170.0 895
180.0 1033
190.0 1007
200.0 1091
210.0 1080
220.0 1123
230.0 1148
240.0 1162
250.0 1241
260.0 1248
270.0 1196
280.0 1168
290.0 1108
300.0 1099
310.0 1129
320.0 1025
330.0 1144
340.0 1143
350.0 1053
360.0 1097
370.0 1188
380.0 1109
390.0 1146
400.0 1298
410.0 1354
420.0 1417
430.0 1529
440.0 1577
450.0 1690
460.0 1762
470.0 1836
480.0 1954
490.0 1959
500.0 2114
510.0 2006
520.0 2063
530.0 2137
540.0 2170
550.0 2056
560.0 1960
570.0 1867
580.0 1693
590.0 1558
600.0 1462
610.0 1301
620.0 1170
630.0 1014
640.0 868
650.0 731
660.0 640
670.0 527
680.0 373
690.0 337
700.0 243
710.0 208
720.0 154
730.0 113
740.0 76
750.0 57
760.0 55
770.0 32
780.0 22
790.0 12
800.0 12
810.0 6
820.0 1
830.0 1
840.0 0
850.0 2
860.0 2
870.0 0
880.0 0
890.0 0
900.0 0
910.0 0
920.0 0
930.0 0
940.0 0
950.0 0
960.0 0
970.0 0
980.0 0
990.0 0
1000.0 0
1010.0 0
1020.0 0
1030.0 0
1040.0 0
1050.0 0
1060.0 0
1070.0 0
1080.0 0
1090.0 0
1100.0 0
1110.0 0
1120.0 0
1130.0 0
1140.0 0
1150.0 0
1160.0 0
1170.0 0
1180.0 0
1190.0 0
1200.0 0
1210.0 0
1220.0 0
1230.0 0
1240.0 0
1250.0 0
1260.0 0
1270.0 0
1280.0 0
1290.0 0
1300.0 0
1310.0 0
1320.0 0
1330.0 0
1340.0 0
1350.0 0
1360.0 0
1370.0 0
1380.0 0
1390.0 0
1400.0 0
1410.0 0
1420.0 0
1430.0 0
1440.0 0
1450.0 0
1460.0 0
1470.0 0
1480.0 0
1490.0 0
