0.0 29
10.0 34
20.0 45
30.0 52
40.0 63
50.0 87
60.0 117
70.0 118
80.0 140
90.0 177
100.0 208
110.0 223
120.0 259
130.0 257
140.0 309
150.0 364
160.0 443
170.0 420
180.0 485
190.0 499
200.0 612
210.0 616
220.0 705
230.0 657
240.0 735
250.0 716
260.0 815
270.0 804
280.0 825
290.0 859
300.0 802
310.0 934
320.0 902
330.0 939
340.0 863
350.0 884
360.0 929
370.0 900
380.0 940
390.0 957
400.0 926
410.0 904
420.0 978
430.0 1035
440.0 1002
450.0 993
460.0 993
470.0 1039
480.0 1021
490.0 1080
500.0 1113
510.0 1093
520.0 1218
530.0 1272
540.0 1320
550.0 1376
560.0 1477
570.0 1618
580.0 1652
590.0 1757
600.0 1932
610.0 1998
620.0 2110
630.0 2116
640.0 2347
650.0 2331
660.0 2350
670.0 2433
680.0 2380
690.0 2322
700.0 2202
710.0 2113
720.0 2060
730.0 1934
740.0 1805
750.0 1581
760.0 1387
770.0 1209
780.0 1091
790.0 970
800.0 806
810.0 651
820.0 496
830.0 439
840.0 328
850.0 252
860.0 237
870.0 164
880.0 118
890.0 83
900.0 73
910.0 53
920.0 32
930.0 24
940.0 14
950.0 12
960.0 10
970.0 9
980.0 1
990.0 1
1000.0 1
1010.0 0
1020.0 0
1030.0 0
1040.0 0
1050.0 1
1060.0 0
1070.0 0
1080.0 0
1090.0 0
1100.0 0
1110.0 0
1120.0 0
1130.0 0
1140.0 0
1150.0 0
1160.0 0
1170.0 0
1180.0 0
1190.0 0
1200.0 0
1210.0 0
1220.0 0
1230.0 0
1240.0 0
1250.0 0
1260.0 0
1270.0 0
1280.0 0
1290.0 0
1300.0 0
1310.0 0
1320.0 0
1330.0 0
1340.0 0
1350.0 0
1360.0 0
1370.0 0
1380.0 0
1390.0 0
1400.0 0
1410.0 0
1420.0 0
1430.0 0
1440.0 0
1450.0 0
1460.0 0
1470.0 0
1480.0 0
1490.0 0
