0.0 52
10.0 60
20.0 100
30.0 107
40.0 138
50.0 139
60.0 204
70.0 220
80.0 231
90.0 268
100.0 313
110.0 396
120.0 436
130.0 491
140.0 537
150.0 601
160.0 694
170.0 737
180.0 788
190.0 827
200.0 810
210.0 913
220.0 940
230.0 1003
240.0 996
250.0 1012
260.0 1009
270.0 1037
280.0 953
290.0 1013
300.0 960
310.0 949
320.0 998
330.0 962
340.0 920
350.0 916
360.0 941
370.0 962
380.0 1024
390.0 993
400.0 1000
410.0 1035
420.0 1062
430.0 1111
440.0 1194
450.0 1314
460.0 1390
470.0 1458
480.0 1532
490.0 1596
500.0 1765
510.0 1830
520.0 1947
530.0 2162
540.0 2182
550.0 2243
560.0 2343
570.0 2314
580.0 2394
590.0 2289
600.0 2326
610.0 2211
620.0 2004
630.0 1952
640.0 1813
650.0 1640
660.0 1485
670.0 1290
680.0 1144
690.0 987
700.0 796
710.0 714
720.0 607
730.0 500
740.0 383
750.0 289
760.0 228
770.0 180
780.0 125
790.0 95
800.0 67
810.0 44
820.0 29
830.0 27
840.0 19
850.0 10
860.0 10
870.0 5
880.0 2
890.0 4
900.0 2
910.0 1
920.0 0
930.0 0
940.0 0
950.0 0
960.0 1
970.0 0
980.0 0
990.0 0
1000.0 0
1010.0 0
1020.0 0
1030.0 0
1040.0 0
1050.0 0
1060.0 0
1070.0 0
1080.0 0
1090.0 0
1100.0 0
1110.0 0
1120.0 0
1130.0 0
1140.0 0
1150.0 0
1160.0 0
1170.0 0
1180.0 0
1190.0 0
1200.0 0
1210.0 0
1220.0 0
1230.0 0
1240.0 0
1250.0 0
1260.0 0
1270.0 0
1280.0 0
1290.0 0
1300.0 0
1310.0 0
1320.0 0
1330.0 0
1340.0 0
1350.0 0
1360.0 0
1370.0 0
1380.0 0
1390.0 0
1400.0 0
1410.0 0
1420.0 0
1430.0 0
1440.0 0
1450.0 0
1460.0 0
1470.0 0
1480.0 0
1490.0 0
