0.0 69
10.0 86
20.0 88
30.0 127
40.0 164
50.0 168
60.0 191
70.0 253
80.0 309
90.0 307
100.0 444
110.0 444
120.0 552
130.0 631
140.0 621
150.0 690
160.0 731
170.0 778
180.0 881
190.0 879
200.0 978
210.0 1008
220.0 1078
230.0 1054
240.0 1064
250.0 1102
260.0 1040
270.0 1108
280.0 1120
290.0 1128
300.0 1106
310.0 1145
320.0 1153
330.0 1070
340.0 1109
350.0 1083
360.0 1114
370.0 1136
380.0 1140
390.0 1119
400.0 1154
410.0 1285
420.0 1249
430.0 1277
440.0 1385
450.0 1449
460.0 1475
470.0 1527
480.0 1566
490.0 1652
500.0 1775
510.0 1883
520.0 1929
530.0 1959
540.0 2044
550.0 2049
560.0 2107
570.0 2115
580.0 2052
590.0 2062
600.0 1980
610.0 1905
620.0 1825
630.0 1612
640.0 1480
650.0 1399
660.0 1178
670.0 1114
680.0 941
690.0 751
700.0 670
710.0 544
720.0 461
730.0 388
740.0 280
750.0 243
760.0 197
770.0 149
780.0 101
790.0 77
800.0 48
810.0 35
820.0 31
830.0 21
840.0 13
850.0 10
860.0 9
870.0 2
880.0 4
890.0 2
900.0 2
910.0 1
920.0 0
930.0 0
940.0 0
950.0 0
960.0 0
970.0 0
980.0 0
990.0 0
1000.0 0
1010.0 0
1020.0 0
1030.0 0
1040.0 0
1050.0 0
1060.0 0
1070.0 0
1080.0 0
1090.0 0
1100.0 0
1110.0 0
1120.0 0
1130.0 0
1140.0 0
1150.0 0
1160.0 0
1170.0 0
1180.0 0
1190.0 0
1200.0 0
1210.0 0
1220.0 0
1230.0 0
1240.0 0
1250.0 0
1260.0 0
1270.0 0
1280.0 0
1290.0 0
1300.0 0
1310.0 0
1320.0 0
1330.0 0
1340.0 0
1350.0 0
1360.0 0
1370.0 0
1380.0 0
1390.0 0
1400.0 0
1410.0 0
1420.0 0
1430.0 0
1440.0 0
1450.0 0
1460.0 0
1470.0 0
1480.0 0
1490.0 0
