0.0 13
10.0 15
20.0 21
30.0 20
40.0 23
50.0 31
60.0 44
70.0 50
80.0 51
90.0 65
100.0 78
110.0 77
120.0 103
130.0 107
140.0 122
150.0 155
160.0 169
170.0 165
180.0 193
190.0 223
200.0 248
210.0 269
220.0 298
230.0 318
240.0 356
250.0 376
260.0 384
270.0 446
280.0 453
290.0 477
300.0 494
310.0 531
320.0 543
330.0 582
340.0 598
350.0 599
360.0 696
370.0 626
380.0 677
390.0 756
400.0 666
410.0 711
420.0 735
430.0 781
440.0 739
450.0 829
460.0 785
470.0 822
480.0 830
490.0 833
500.0 795
510.0 818
520.0 860
530.0 884
540.0 852
550.0 844
560.0 907
570.0 872
580.0 855
590.0 932
600.0 1002
610.0 903
620.0 952
630.0 1021
640.0 1027
650.0 1103
660.0 1193
670.0 1225
680.0 1334
690.0 1382
700.0 1398
710.0 1568
720.0 1696
730.0 1846
740.0 1958
750.0 2036
760.0 2183
770.0 2234
780.0 2357
790.0 2473
800.0 2441
810.0 2423
820.0 2504
830.0 2486
840.0 2419
850.0 2297
860.0 2190
870.0 2156
880.0 2029
890.0 1878
900.0 1614
910.0 1537
920.0 1329
930.0 1183
940.0 974
950.0 790
960.0 697
970.0 532
980.0 458
990.0 342
1000.0 281
1010.0 234
1020.0 154
1030.0 126
1040.0 98
1050.0 62
1060.0 47
1070.0 25
1080.0 17
1090.0 12
1100.0 10
1110.0 6
1120.0 2
1130.0 1
1140.0 0
1150.0 1
1160.0 0
1170.0 0
1180.0 0
1190.0 0
1200.0 1
1210.0 0
1220.0 0
1230.0 0
1240.0 0
1250.0 0
1260.0 0
1270.0 0
1280.0 0
1290.0 0
1300.0 0
1310.0 0
1320.0 0
1330.0 0
1340.0 0
1350.0 0
1360.0 0
1370.0 0
1380.0 0
1390.0 0
1400.0 0
1410.0 0
1420.0 0
1430.0 0
1440.0 0
1450.0 0
1460.0 0
1470.0 0
1480.0 0
1490.0 0
