0.0 93
10.0 91
20.0 145
30.0 167
40.0 224
50.0 232
60.0 279
70.0 324
80.0 393
90.0 499
100.0 512
110.0 574
120.0 665
130.0 707
140.0 751
150.0 888
160.0 889
170.0 924
180.0 1036
190.0 1063
200.0 1109
210.0 1151
220.0 1111
230.0 1191
240.0 1141
250.0 1124
260.0 1159
270.0 1140
280.0 1137
290.0 1089
300.0 1025
310.0 1096
320.0 1044
330.0 1066
340.0 1076
350.0 1131
360.0 1079
370.0 1116
380.0 1209
390.0 1228
400.0 1306
410.0 1396
420.0 1408
430.0 1464
440.0 1577
450.0 1774
460.0 1721
470.0 1869
480.0 1906
490.0 1977
500.0 2060
510.0 2044
520.0 2185
530.0 2079
540.0 2062
550.0 2071
560.0 1867
570.0 1793
580.0 1785
590.0 1632
600.0 1504
610.0 1344
620.0 1140
630.0 1003
640.0 909
650.0 753
660.0 594
670.0 495
680.0 384
690.0 325
700.0 279
710.0 202
720.0 155
730.0 114
740.0 84
750.0 68
760.0 48
770.0 40
780.0 22
790.0 14
800.0 9
810.0 15
820.0 6
830.0 1
840.0 2
850.0 0
860.0 0
870.0 0
880.0 0
890.0 0
900.0 0
910.0 0
920.0 0
930.0 0
940.0 0
950.0 0
960.0 0
970.0 0
980.0 0
990.0 0
1000.0 0
1010.0 0
1020.0 0
1030.0 0
1040.0 0
1050.0 0
1060.0 0
1070.0 0
1080.0 0
1090.0 0
1100.0 0
1110.0 0
1120.0 0
1130.0 0
1140.0 0
1150.0 0
1160.0 0
1170.0 0
1180.0 0
1190.0 0
1200.0 0
1210.0 0
1220.0 0
1230.0 0
1240.0 0
1250.0 0
1260.0 0
1270.0 0
1280.0 0
1290.0 0
1300.0 0
1310.0 0
1320.0 0
1330.0 0
1340.0 0
1350.0 0
1360.0 0
1370.0 0
1380.0 0
1390.0 0
1400.0 0
1410.0 0
1420.0 0
1430.0 0
1440.0 0
1450.0 0
1460.0 0
1470.0 0
1480.0 0
1490.0 0
