0.0 193
10.0 214
20.0 284
30.0 307
40.0 370
50.0 453
60.0 525
70.0 614
80.0 677
90.0 803
100.0 943
110.0 979
120.0 1045
130.0 1098
140.0 1228
150.0 1253
160.0 1329
170.0 1459
180.0 1488
190.0 1489
200.0 1544
210.0 1517
220.0 1500
230.0 1498
240.0 1470
250.0 1555
260.0 1479
270.0 1452
280.0 1386
290.0 1470
300.0 1466
310.0 1387
320.0 1370
330.0 1443
340.0 1414
350.0 1479
360.0 1439
370.0 1640
380.0 1627
390.0 1638
400.0 1712
410.0 1799
420.0 1894
430.0 1946
440.0 1927
450.0 1957
460.0 1983
470.0 1883
480.0 1872
490.0 1859
500.0 1808
510.0 1738
520.0 1625
530.0 1563
540.0 1424
550.0 1296
560.0 1162
570.0 983
580.0 847
590.0 749
600.0 634
610.0 534
620.0 402
630.0 329
640.0 303
650.0 224
660.0 184
670.0 96
680.0 84
690.0 66
700.0 43
710.0 44
720.0 28
730.0 17
740.0 10
750.0 11
760.0 8
770.0 6
780.0 2
790.0 1
800.0 1
810.0 2
820.0 0
830.0 0
840.0 0
850.0 0
860.0 0
870.0 0
880.0 0
890.0 0
900.0 0
910.0 0
920.0 0
930.0 0
940.0 0
950.0 0
960.0 0
970.0 0
980.0 0
990.0 0
1000.0 0
1010.0 0
1020.0 0
1030.0 0
1040.0 0
1050.0 0
1060.0 0
1070.0 0
1080.0 0
1090.0 0
1100.0 0
1110.0 0
1120.0 0
1130.0 0
1140.0 0
1150.0 0
1160.0 0
1170.0 0
1180.0 0
1190.0 0
1200.0 0
1210.0 0
1220.0 0
1230.0 0
1240.0 0
1250.0 0
1260.0 0
1270.0 0
1280.0 0
1290.0 0
1300.0 0
1310.0 0
1320.0 0
1330.0 0
1340.0 0
1350.0 0
1360.0 0
1370.0 0
1380.0 0
1390.0 0
1400.0 0
1410.0 0
1420.0 0
1430.0 0
1440.0 0
1450.0 0
1460.0 0
1470.0 0
1480.0 0
1490.0 0
