0.0 7
10.0 11
20.0 17
30.0 18
40.0 22
50.0 17
60.0 17
70.0 20
80.0 36
90.0 46
100.0 40
110.0 55
120.0 66
130.0 75
140.0 80
150.0 92
160.0 117
170.0 128
180.0 125
190.0 135
200.0 175
210.0 182
220.0 209
230.0 240
240.0 257
250.0 280
260.0 300
270.0 348
280.0 344
290.0 402
300.0 380
310.0 395
320.0 469
330.0 407
340.0 462
350.0 471
360.0 504
370.0 532
380.0 564
390.0 567
400.0 553
410.0 594
420.0 613
430.0 642
440.0 630
450.0 665
460.0 675
470.0 664
480.0 730
490.0 742
500.0 685
510.0 681
520.0 719
530.0 787
540.0 745
550.0 713
560.0 822
570.0 779
580.0 825
590.0 759
600.0 774
610.0 821
620.0 820
630.0 824
640.0 867
650.0 868
660.0 861
670.0 912
680.0 947
690.0 993
700.0 1083
710.0 1065
720.0 1125
730.0 1218
740.0 1316
750.0 1444
760.0 1548
770.0 1667
780.0 1779
790.0 1863
800.0 2115
810.0 2213
820.0 2291
830.0 2525
840.0 2586
850.0 2588
860.0 2690
870.0 2620
880.0 2683
890.0 2533
900.0 2496
910.0 2421
920.0 2327
930.0 2103
940.0 2004
950.0 1807
960.0 1554
970.0 1491
980.0 1257
990.0 1064
1000.0 906
1010.0 737
1020.0 627
1030.0 484
1040.0 385
1050.0 314
1060.0 211
1070.0 186
1080.0 155
1090.0 98
1100.0 66
1110.0 53
1120.0 40
1130.0 26
1140.0 19
1150.0 12
1160.0 14
1170.0 6
1180.0 5
1190.0 4
1200.0 2
1210.0 2
1220.0 1
1230.0 0
1240.0 0
1250.0 0
1260.0 0
1270.0 0
1280.0 0
1290.0 0
1300.0 0
1310.0 0
1320.0 0
1330.0 0
1340.0 0
1350.0 0
1360.0 0
1370.0 0
1380.0 0
1390.0 0
1400.0 0
1410.0 0
1420.0 0
1430.0 0
1440.0 0
1450.0 0
1460.0 0
1470.0 0
1480.0 0
1490.0 0
