0.0 139
10.0 196
20.0 222
30.0 261
40.0 308
50.0 394
60.0 489
70.0 564
80.0 644
90.0 719
100.0 793
110.0 860
120.0 951
130.0 1041
140.0 1154
150.0 1204
160.0 1351
170.0 1395
180.0 1358
190.0 1369
200.0 1381
210.0 1443
220.0 1429
230.0 1429
240.0 1424
250.0 1396
260.0 1418
270.0 1391
280.0 1339
290.0 1300
300.0 1290
310.0 1253
320.0 1266
330.0 1272
340.0 1401
350.0 1454
360.0 1416
370.0 1590
380.0 1539
390.0 1609
400.0 1770
410.0 1872
420.0 1909
430.0 1938
440.0 1929
450.0 2016
460.0 2100
470.0 2095
480.0 1996
490.0 2106
500.0 2063
510.0 1924
520.0 1836
530.0 1692
540.0 1600
550.0 1492
560.0 1284
570.0 1128
580.0 1021
590.0 851
600.0 706
610.0 602
620.0 499
630.0 419
640.0 330
650.0 280
660.0 221
670.0 164
680.0 114
690.0 86
700.0 58
710.0 47
720.0 33
730.0 14
740.0 28
750.0 7
760.0 12
770.0 3
780.0 2
790.0 3
800.0 2
810.0 0
820.0 0
830.0 0
840.0 0
850.0 0
860.0 0
870.0 0
880.0 0
890.0 0
900.0 0
910.0 0
920.0 0
930.0 0
940.0 0
950.0 0
960.0 0
970.0 0
980.0 0
990.0 0
1000.0 0
1010.0 0
1020.0 0
1030.0 0
1040.0 0
1050.0 0
1060.0 0
1070.0 0
1080.0 0
1090.0 0
1100.0 0
1110.0 0
1120.0 0
1130.0 0
1140.0 0
1150.0 0
1160.0 0
1170.0 0
1180.0 0
1190.0 0
1200.0 0
1210.0 0
1220.0 0
1230.0 0
1240.0 0
1250.0 0
1260.0 0
1270.0 0
1280.0 0
1290.0 0
1300.0 0
1310.0 0
1320.0 0
1330.0 0
1340.0 0
1350.0 0
1360.0 0
1370.0 0
1380.0 0
1390.0 0
1400.0 0
1410.0 0
1420.0 0
1430.0 0
1440.0 0
1450.0 0
1460.0 0
1470.0 0
1480.0 0
1490.0 0
