0.0 10
10.0 10
20.0 13
30.0 14
40.0 10
50.0 23
60.0 20
70.0 26
80.0 32
90.0 40
100.0 43
110.0 44
120.0 47
130.0 68
140.0 63
150.0 76
160.0 102
170.0 99
180.0 124
190.0 137
200.0 167
210.0 181
220.0 206
230.0 223
240.0 238
250.0 226
260.0 296
270.0 309
280.0 337
290.0 337
300.0 359
310.0 404
320.0 446
330.0 454
340.0 467
350.0 467
360.0 498
370.0 509
380.0 486
390.0 507
400.0 552
410.0 533
420.0 568
430.0 579
440.0 598
450.0 606
460.0 611
470.0 631
480.0 652
490.0 622
500.0 646
510.0 699
520.0 657
530.0 670
540.0 704
550.0 659
560.0 686
570.0 696
580.0 688
590.0 679
600.0 679
610.0 725
620.0 761
630.0 768
640.0 744
650.0 804
660.0 806
670.0 799
680.0 834
690.0 865
700.0 953
710.0 945
720.0 1079
730.0 1200
740.0 1261
750.0 1429
760.0 1481
770.0 1577
780.0 1751
790.0 1891
800.0 2095
810.0 2227
820.0 2310
830.0 2534
840.0 2572
850.0 2646
860.0 2805
870.0 2818
880.0 2859
890.0 2885
900.0 2626
910.0 2689
920.0 2495
930.0 2376
940.0 2119
950.0 1979
960.0 1825
970.0 1552
980.0 1393
990.0 1226
1000.0 983
1010.0 807
1020.0 707
1030.0 561
1040.0 463
1050.0 354
1060.0 243
1070.0 204
1080.0 168
1090.0 115
1100.0 95
1110.0 74
1120.0 37
1130.0 33
1140.0 22
1150.0 11
1160.0 14
1170.0 4
1180.0 10
1190.0 3
1200.0 2
1210.0 1
1220.0 1
1230.0 0
1240.0 0
1250.0 0
1260.0 0
1270.0 0
1280.0 0
1290.0 0
1300.0 0
1310.0 0
1320.0 0
1330.0 0
1340.0 0
1350.0 0
1360.0 0
1370.0 0
1380.0 0
1390.0 0
1400.0 0
1410.0 0
1420.0 0
1430.0 0
1440.0 0
1450.0 0
1460.0 0
1470.0 0
1480.0 0
1490.0 0
