0.0 38
10.0 36
20.0 60
30.0 66
40.0 87
50.0 83
60.0 117
70.0 156
80.0 148
90.0 189
100.0 242
110.0 275
120.0 288
130.0 308
140.0 414
150.0 446
160.0 503
170.0 532
180.0 613
190.0 662
200.0 678
210.0 655
220.0 746
230.0 776
240.0 845
250.0 906
260.0 857
270.0 850
280.0 906
290.0 844
300.0 947
310.0 874
320.0 895
330.0 867
340.0 827
350.0 858
360.0 815
370.0 827
380.0 795
390.0 846
400.0 864
410.0 873
420.0 880
430.0 873
440.0 870
450.0 940
460.0 1002
470.0 1041
480.0 1058
490.0 1180
500.0 1179
510.0 1340
520.0 1489
530.0 1516
540.0 1773
550.0 1800
560.0 2041
570.0 2174
580.0 2264
590.0 2375
600.0 2380
610.0 2450
620.0 2585
630.0 2528
640.0 2476
650.0 2427
660.0 2314
670.0 2258
680.0 2090
690.0 2029
700.0 1791
710.0 1649
720.0 1427
730.0 1241
740.0 1073
750.0 925
760.0 773
770.0 621
780.0 510
790.0 403
800.0 341
810.0 220
820.0 214
830.0 147
840.0 101
850.0 81
860.0 61
870.0 35
880.0 24
890.0 16
900.0 15
910.0 6
920.0 7
930.0 3
940.0 3
950.0 1
960.0 2
970.0 0
980.0 0
990.0 0
1000.0 0
1010.0 0
1020.0 0
1030.0 0
1040.0 0
1050.0 0
1060.0 0
1070.0 0
1080.0 0
1090.0 0
1100.0 0
1110.0 0
1120.0 0
1130.0 0
1140.0 0
1150.0 0
1160.0 0
1170.0 0
1180.0 0
1190.0 0
1200.0 0
1210.0 0
1220.0 0
1230.0 0
1240.0 0
1250.0 0
1260.0 0
1270.0 0
1280.0 0
1290.0 0
1300.0 0
1310.0 0
1320.0 0
1330.0 0
1340.0 0
1350.0 0
1360.0 0
1370.0 0
1380.0 0
1390.0 0
1400.0 0
1410.0 0
1420.0 0
1430.0 0
1440.0 0
1450.0 0
1460.0 0
1470.0 0
1480.0 0
1490.0 0
