0.0 11
10.0 13
20.0 19
30.0 26
40.0 34
50.0 46
60.0 53
70.0 53
80.0 74
90.0 93
100.0 82
110.0 108
120.0 155
130.0 171
140.0 157
150.0 202
160.0 238
170.0 252
180.0 322
190.0 375
200.0 360
210.0 445
220.0 436
230.0 483
240.0 487
250.0 540
260.0 520
270.0 604
280.0 625
290.0 653
300.0 632
310.0 650
320.0 687
330.0 703
340.0 704
350.0 755
360.0 703
370.0 670
380.0 735
390.0 689
400.0 638
410.0 676
420.0 661
430.0 696
440.0 672
450.0 663
460.0 714
470.0 669
480.0 701
490.0 661
500.0 745
510.0 692
520.0 774
530.0 841
540.0 795
550.0 900
560.0 948
570.0 1038
580.0 1041
590.0 1159
600.0 1294
610.0 1316
620.0 1518
630.0 1638
640.0 1791
650.0 2001
660.0 2074
670.0 2250
680.0 2494
690.0 2594
700.0 2669
710.0 2760
720.0 2818
730.0 2804
740.0 2761
750.0 2737
760.0 2699
770.0 2535
780.0 2479
790.0 2211
800.0 2134
810.0 1869
820.0 1586
830.0 1408
840.0 1215
850.0 1015
860.0 907
870.0 678
880.0 575
890.0 456
900.0 368
910.0 265
920.0 218
930.0 172
940.0 127
950.0 105
960.0 67
970.0 34
980.0 42
990.0 21
1000.0 18
1010.0 6
1020.0 6
1030.0 2
1040.0 3
1050.0 3
1060.0 0
1070.0 0
1080.0 0
1090.0 0
1100.0 1
1110.0 0
1120.0 0
1130.0 0
1140.0 0
1150.0 0
1160.0 0
1170.0 0
1180.0 0
1190.0 0
1200.0 0
1210.0 0
1220.0 0
1230.0 0
1240.0 0
1250.0 0
1260.0 0
1270.0 0
1280.0 0
1290.0 0
1300.0 0
1310.0 0
1320.0 0
1330.0 0
1340.0 0
1350.0 0
1360.0 0
1370.0 0
1380.0 0
1390.0 0
1400.0 0
1410.0 0
1420.0 0
1430.0 0
1440.0 0
1450.0 0
1460.0 0
1470.0 0
1480.0 0
1490.0 0
