0.0 11
10.0 7
20.0 13
30.0 12
40.0 22
50.0 23
60.0 28
70.0 37
80.0 28
90.0 47
100.0 45
110.0 51
120.0 65
130.0 91
140.0 97
150.0 104
160.0 101
170.0 112
180.0 153
190.0 184
200.0 181
210.0 197
220.0 242
230.0 235
240.0 234
250.0 278
260.0 326
270.0 332
280.0 360
290.0 377
300.0 422
310.0 457
320.0 439
330.0 471
340.0 483
350.0 469
360.0 520
370.0 529
380.0 591
390.0 619
400.0 612
410.0 603
420.0 661
430.0 630
440.0 663
450.0 709
460.0 733
470.0 711
480.0 739
490.0 780
500.0 743
510.0 729
520.0 786
530.0 744
540.0 780
550.0 797
560.0 799
570.0 806
580.0 800
590.0 797
600.0 876
610.0 809
620.0 832
630.0 849
640.0 888
650.0 960
660.0 955
670.0 960
680.0 1018
690.0 985
700.0 1104
710.0 1154
720.0 1285
730.0 1244
740.0 1420
750.0 1511
760.0 1533
770.0 1664
780.0 1844
790.0 1948
800.0 2055
810.0 2108
820.0 2369
830.0 2329
840.0 2416
850.0 2586
860.0 2505
870.0 2524
880.0 2642
890.0 2598
900.0 2482
910.0 2232
920.0 2154
930.0 2002
940.0 1807
950.0 1786
960.0 1524
970.0 1341
980.0 1168
990.0 945
1000.0 870
1010.0 671
1020.0 562
1030.0 473
1040.0 387
1050.0 288
1060.0 227
1070.0 190
1080.0 118
1090.0 104
1100.0 80
1110.0 37
1120.0 39
1130.0 18
1140.0 18
1150.0 18
1160.0 5
1170.0 4
1180.0 2
1190.0 2
1200.0 2
1210.0 0
1220.0 1
1230.0 0
1240.0 1
1250.0 0
1260.0 1
1270.0 0
1280.0 0
1290.0 0
1300.0 0
1310.0 0
1320.0 0
1330.0 0
1340.0 0
1350.0 0
1360.0 0
1370.0 0
1380.0 0
1390.0 0
1400.0 0
1410.0 0
1420.0 0
1430.0 0
1440.0 0
1450.0 0
1460.0 0
1470.0 0
1480.0 0
1490.0 0
