0.0 5
10.0 16
20.0 17
30.0 22
40.0 38
50.0 30
60.0 36
70.0 50
80.0 55
90.0 76
100.0 81
110.0 90
120.0 108
130.0 124
140.0 150
150.0 159
160.0 187
170.0 196
180.0 259
190.0 269
200.0 283
210.0 340
220.0 359
230.0 374
240.0 393
250.0 487
260.0 526
270.0 461
280.0 536
290.0 526
300.0 586
310.0 601
320.0 660
330.0 608
340.0 659
350.0 703
360.0 656
370.0 652
380.0 687
390.0 703
400.0 681
410.0 734
420.0 706
430.0 715
440.0 713
450.0 739
460.0 732
470.0 782
480.0 780
490.0 780
500.0 818
510.0 774
520.0 794
530.0 788
540.0 784
550.0 824
560.0 859
570.0 908
580.0 867
590.0 914
600.0 1034
610.0 1094
620.0 1122
630.0 1164
640.0 1245
650.0 1393
660.0 1501
670.0 1569
680.0 1765
690.0 1820
700.0 2000
710.0 2144
720.0 2277
730.0 2477
740.0 2490
750.0 2653
760.0 2702
770.0 2692
780.0 2645
790.0 2679
800.0 2458
810.0 2466
820.0 2346
830.0 2235
840.0 2120
850.0 1945
860.0 1703
870.0 1493
880.0 1309
890.0 1093
900.0 1005
910.0 796
920.0 672
930.0 498
940.0 394
950.0 334
960.0 251
970.0 198
980.0 124
990.0 114
1000.0 76
1010.0 59
1020.0 44
1030.0 35
1040.0 14
1050.0 11
1060.0 10
1070.0 3
1080.0 4
1090.0 2
1100.0 1
1110.0 0
1120.0 1
1130.0 1
1140.0 0
1150.0 0
1160.0 0
1170.0 0
1180.0 0
1190.0 0
1200.0 0
1210.0 0
1220.0 0
1230.0 0
1240.0 0
1250.0 0
1260.0 0
1270.0 0
1280.0 0
1290.0 0
1300.0 0
1310.0 0
1320.0 0
1330.0 0
1340.0 0
1350.0 0
1360.0 0
1370.0 0
1380.0 0
1390.0 0
1400.0 0
1410.0 0
1420.0 0
1430.0 0
1440.0 0
1450.0 0
1460.0 0
1470.0 0
1480.0 0
1490.0 0
