0.0 15
10.0 8
20.0 28
30.0 14
40.0 17
50.0 26
60.0 40
70.0 52
80.0 45
90.0 54
100.0 73
110.0 72
120.0 104
130.0 126
140.0 134
150.0 158
160.0 174
170.0 213
180.0 202
190.0 262
200.0 277
210.0 297
220.0 343
230.0 394
240.0 399
250.0 403
260.0 476
270.0 498
280.0 500
290.0 574
300.0 573
310.0 581
320.0 602
330.0 591
340.0 608
350.0 638
360.0 648
370.0 650
380.0 641
390.0 673
400.0 662
410.0 631
420.0 686
430.0 664
440.0 644
450.0 712
460.0 705
470.0 712
480.0 670
490.0 712
500.0 698
510.0 738
520.0 702
530.0 725
540.0 735
550.0 727
560.0 780
570.0 779
580.0 771
590.0 869
600.0 966
610.0 971
620.0 1064
630.0 1139
640.0 1195
650.0 1334
660.0 1400
670.0 1630
680.0 1679
690.0 1948
700.0 1960
710.0 2126
720.0 2355
730.0 2391
740.0 2537
750.0 2787
760.0 2867
770.0 2825
780.0 2888
790.0 2765
800.0 2634
810.0 2669
820.0 2442
830.0 2355
840.0 2199
850.0 1949
860.0 1798
870.0 1646
880.0 1415
890.0 1238
900.0 1024
910.0 853
920.0 720
930.0 587
940.0 467
950.0 361
960.0 278
970.0 250
980.0 169
990.0 112
1000.0 80
1010.0 45
1020.0 40
1030.0 32
1040.0 18
1050.0 18
1060.0 10
1070.0 4
1080.0 8
1090.0 2
1100.0 2
1110.0 0
1120.0 1
1130.0 0
1140.0 2
1150.0 0
1160.0 0
1170.0 0
1180.0 0
1190.0 0
1200.0 0
1210.0 0
1220.0 0
1230.0 0
1240.0 0
1250.0 0
1260.0 0
1270.0 0
1280.0 0
1290.0 0
1300.0 0
1310.0 0
1320.0 0
1330.0 0
1340.0 0
1350.0 0
1360.0 0
1370.0 0
1380.0 0
1390.0 0
1400.0 0
1410.0 0
1420.0 0
1430.0 0
1440.0 0
1450.0 0
1460.0 0
1470.0 0
1480.0 0
1490.0 0
