0.0 6
10.0 13
20.0 16
30.0 9
40.0 13
50.0 26
60.0 20
70.0 27
80.0 35
90.0 37
100.0 40
110.0 50
120.0 63
130.0 78
140.0 92
150.0 87
160.0 104
170.0 129
180.0 144
190.0 145
200.0 165
210.0 178
220.0 227
230.0 265
240.0 241
250.0 300
260.0 271
270.0 328
280.0 329
290.0 355
300.0 399
310.0 419
320.0 413
330.0 482
340.0 500
350.0 479
360.0 506
370.0 544
380.0 565
390.0 596
400.0 543
410.0 604
420.0 601
430.0 627
440.0 675
450.0 643
460.0 682
470.0 638
480.0 679
490.0 676
500.0 755
510.0 740
520.0 745
530.0 739
540.0 728
550.0 782
560.0 752
570.0 779
580.0 751
590.0 744
600.0 806
610.0 800
620.0 842
630.0 789
640.0 854
650.0 845
660.0 869
670.0 952
680.0 973
690.0 1009
700.0 989
710.0 1077
720.0 1160
730.0 1248
740.0 1368
750.0 1484
760.0 1518
770.0 1575
780.0 1817
790.0 1911
800.0 2098
810.0 2173
820.0 2248
830.0 2363
840.0 2647
850.0 2625
860.0 2653
870.0 2646
880.0 2667
890.0 2651
900.0 2585
910.0 2404
920.0 2317
930.0 2130
940.0 1934
950.0 1885
960.0 1584
970.0 1444
980.0 1285
990.0 1072
1000.0 928
1010.0 726
1020.0 587
1030.0 505
1040.0 391
1050.0 276
1060.0 249
1070.0 166
1080.0 151
1090.0 85
1100.0 52
1110.0 44
1120.0 29
1130.0 27
1140.0 18
1150.0 14
1160.0 9
1170.0 8
1180.0 3
1190.0 1
1200.0 2
1210.0 0
1220.0 1
1230.0 0
1240.0 1
1250.0 0
1260.0 0
1270.0 0
1280.0 0
1290.0 0
1300.0 0
1310.0 0
1320.0 0
1330.0 0
1340.0 0
1350.0 0
1360.0 0
1370.0 0
1380.0 0
1390.0 0
1400.0 0
1410.0 0
1420.0 0
1430.0 0
1440.0 0
1450.0 0
1460.0 0
1470.0 0
1480.0 0
1490.0 0
