0.0 18
10.0 8
20.0 13
30.0 10
40.0 12
50.0 18
60.0 24
70.0 30
80.0 25
90.0 37
100.0 49
110.0 41
120.0 44
130.0 60
140.0 75
150.0 91
160.0 94
170.0 100
180.0 119
190.0 156
200.0 160
210.0 158
220.0 190
230.0 215
240.0 203
250.0 242
260.0 289
270.0 302
280.0 343
290.0 346
300.0 387
310.0 369
320.0 422
330.0 437
340.0 489
350.0 457
360.0 502
370.0 497
380.0 528
390.0 559
400.0 563
410.0 571
420.0 538
430.0 541
440.0 642
450.0 608
460.0 654
470.0 642
480.0 603
490.0 633
500.0 642
510.0 646
520.0 664
530.0 634
540.0 640
550.0 692
560.0 664
570.0 656
580.0 672
590.0 672
600.0 754
610.0 736
620.0 779
630.0 781
640.0 744
650.0 765
660.0 777
670.0 811
680.0 859
690.0 917
700.0 932
710.0 1052
720.0 1053
730.0 1151
740.0 1289
750.0 1462
760.0 1540
770.0 1609
780.0 1735
790.0 1908
800.0 2049
810.0 2184
820.0 2362
830.0 2479
840.0 2628
850.0 2606
860.0 2776
870.0 2872
880.0 2834
890.0 2765
900.0 2727
910.0 2632
920.0 2536
930.0 2379
940.0 2199
950.0 1916
960.0 1814
970.0 1586
980.0 1310
990.0 1177
1000.0 1003
1010.0 860
1020.0 679
1030.0 591
1040.0 456
1050.0 354
1060.0 265
1070.0 208
1080.0 166
1090.0 120
1100.0 88
1110.0 57
1120.0 48
1130.0 35
1140.0 19
1150.0 7
1160.0 10
1170.0 3
1180.0 2
1190.0 2
1200.0 1
1210.0 0
1220.0 0
1230.0 2
1240.0 0
1250.0 0
1260.0 0
1270.0 0
1280.0 0
1290.0 0
1300.0 0
1310.0 0
1320.0 0
1330.0 0
1340.0 0
1350.0 0
1360.0 0
1370.0 0
1380.0 0
1390.0 0
1400.0 0
1410.0 0
1420.0 0
1430.0 0
1440.0 0
1450.0 0
1460.0 0
1470.0 0
1480.0 0
1490.0 0
