0.0 13
10.0 19
20.0 13
30.0 23
40.0 23
50.0 22
60.0 36
70.0 43
80.0 54
90.0 63
100.0 75
110.0 79
120.0 99
130.0 107
140.0 139
150.0 154
160.0 183
170.0 177
180.0 224
190.0 260
200.0 281
210.0 304
220.0 339
230.0 366
240.0 445
250.0 411
260.0 440
270.0 473
280.0 546
290.0 548
300.0 553
310.0 583
320.0 593
330.0 613
340.0 551
350.0 622
360.0 634
370.0 646
380.0 670
390.0 659
400.0 686
410.0 671
420.0 697
430.0 683
440.0 673
450.0 679
460.0 668
470.0 666
480.0 662
490.0 693
500.0 703
510.0 655
520.0 697
530.0 751
540.0 715
550.0 725
560.0 793
570.0 759
580.0 842
590.0 843
600.0 932
610.0 954
620.0 1015
630.0 1120
640.0 1213
650.0 1372
660.0 1410
670.0 1535
680.0 1696
690.0 1838
700.0 2056
710.0 2157
720.0 2365
730.0 2436
740.0 2575
750.0 2682
760.0 2765
770.0 2841
780.0 2813
790.0 2854
800.0 2850
810.0 2597
820.0 2548
830.0 2294
840.0 2241
850.0 1991
860.0 1887
870.0 1639
880.0 1410
890.0 1214
900.0 1021
910.0 881
920.0 717
930.0 607
940.0 445
950.0 356
960.0 304
970.0 224
980.0 141
990.0 119
1000.0 81
1010.0 63
1020.0 42
1030.0 41
1040.0 25
1050.0 11
1060.0 10
1070.0 7
1080.0 3
1090.0 5
1100.0 2
1110.0 2
1120.0 0
1130.0 2
1140.0 1
1150.0 0
1160.0 0
1170.0 0
1180.0 0
1190.0 0
1200.0 0
1210.0 0
1220.0 0
1230.0 0
1240.0 0
1250.0 0
1260.0 0
1270.0 0
1280.0 0
1290.0 0
1300.0 0
1310.0 0
1320.0 0
1330.0 0
1340.0 0
1350.0 0
1360.0 0
1370.0 0
1380.0 0
1390.0 0
1400.0 0
1410.0 0
1420.0 0
1430.0 0
1440.0 0
1450.0 0
1460.0 0
1470.0 0
1480.0 0
1490.0 0
