0.0 6
10.0 7
20.0 5
30.0 10
40.0 10
50.0 16
60.0 22
70.0 19
80.0 35
90.0 26
100.0 32
110.0 31
120.0 31
130.0 46
140.0 49
150.0 82
160.0 73
170.0 59
180.0 98
190.0 107
200.0 130
210.0 141
220.0 178
230.0 162
240.0 206
250.0 232
260.0 264
270.0 280
280.0 268
290.0 305
300.0 350
310.0 384
320.0 388
330.0 446
340.0 379
350.0 466
360.0 431
370.0 488
380.0 481
390.0 463
400.0 466
410.0 465
420.0 503
430.0 514
440.0 503
450.0 485
460.0 500
470.0 518
480.0 471
490.0 456
500.0 483
510.0 505
520.0 480
530.0 486
540.0 494
550.0 482
560.0 511
570.0 519
580.0 518
590.0 498
600.0 512
610.0 520
620.0 525
630.0 503
640.0 549
650.0 554
660.0 585
670.0 613
680.0 677
690.0 714
700.0 753
710.0 859
720.0 866
730.0 1012
740.0 1080
750.0 1219
760.0 1405
770.0 1556
780.0 1697
790.0 1874
800.0 2073
810.0 2313
820.0 2541
830.0 2691
840.0 2821
850.0 2893
860.0 3213
870.0 3213
880.0 3207
890.0 3183
900.0 3097
910.0 3028
920.0 3025
930.0 2762
940.0 2495
950.0 2312
960.0 2112
970.0 1914
980.0 1724
990.0 1436
1000.0 1186
1010.0 1019
1020.0 899
1030.0 653
1040.0 511
1050.0 429
1060.0 351
1070.0 230
1080.0 223
1090.0 148
1100.0 113
1110.0 69
1120.0 43
1130.0 28
1140.0 24
1150.0 18
1160.0 11
1170.0 8
1180.0 2
1190.0 2
1200.0 2
1210.0 1
1220.0 0
1230.0 1
1240.0 1
1250.0 0
1260.0 0
1270.0 0
1280.0 0
1290.0 0
1300.0 0
1310.0 0
1320.0 0
1330.0 0
1340.0 0
1350.0 0
1360.0 0
1370.0 0
1380.0 0
1390.0 0
1400.0 0
1410.0 0
1420.0 0
1430.0 0
1440.0 0
1450.0 0
1460.0 0
1470.0 0
1480.0 0
1490.0 0
