0.0 20
10.0 38
20.0 38
30.0 59
40.0 66
50.0 75
60.0 88
70.0 128
80.0 130
90.0 197
100.0 240
110.0 254
120.0 294
130.0 328
140.0 351
150.0 445
160.0 476
170.0 527
180.0 599
190.0 584
200.0 689
210.0 749
220.0 757
230.0 757
240.0 799
250.0 843
260.0 853
270.0 857
280.0 865
290.0 897
300.0 838
310.0 836
320.0 831
330.0 844
340.0 827
350.0 798
360.0 827
370.0 810
380.0 819
390.0 759
400.0 821
410.0 807
420.0 822
430.0 846
440.0 864
450.0 861
460.0 931
470.0 982
480.0 1024
490.0 1148
500.0 1180
510.0 1317
520.0 1409
530.0 1455
540.0 1718
550.0 1807
560.0 2022
570.0 2122
580.0 2231
590.0 2387
600.0 2375
610.0 2604
620.0 2598
630.0 2579
640.0 2618
650.0 2636
660.0 2370
670.0 2268
680.0 2216
690.0 2052
700.0 1854
710.0 1746
720.0 1542
730.0 1365
740.0 1149
750.0 942
760.0 841
770.0 688
780.0 526
790.0 415
800.0 334
810.0 256
820.0 213
830.0 136
840.0 101
850.0 75
860.0 43
870.0 43
880.0 33
890.0 32
900.0 19
910.0 13
920.0 11
930.0 6
940.0 4
950.0 1
960.0 2
970.0 0
980.0 0
990.0 0
1000.0 0
1010.0 0
1020.0 0
1030.0 0
1040.0 0
1050.0 0
1060.0 0
1070.0 0
1080.0 0
1090.0 0
1100.0 0
1110.0 0
1120.0 0
1130.0 0
1140.0 0
1150.0 0
1160.0 0
1170.0 0
1180.0 0
1190.0 0
1200.0 0
1210.0 0
1220.0 0
1230.0 0
1240.0 0
1250.0 0
1260.0 0
1270.0 0
1280.0 0
1290.0 0
1300.0 0
1310.0 0
1320.0 0
1330.0 0
1340.0 0
1350.0 0
1360.0 0
1370.0 0
1380.0 0
1390.0 0
1400.0 0
1410.0 0
1420.0 0
1430.0 0
1440.0 0
1450.0 0
1460.0 0
1470.0 0
1480.0 0
1490.0 0
