0.0 22
10.0 35
20.0 48
30.0 40
40.0 57
50.0 91
60.0 102
70.0 96
80.0 139
90.0 160
100.0 175
110.0 208
120.0 247
130.0 260
140.0 293
150.0 354
160.0 384
170.0 420
180.0 477
190.0 498
200.0 558
210.0 579
220.0 623
230.0 648
240.0 695
250.0 710
260.0 759
270.0 825
280.0 826
290.0 811
300.0 825
310.0 759
320.0 835
330.0 880
340.0 834
350.0 835
360.0 877
370.0 838
380.0 852
390.0 896
400.0 839
410.0 873
420.0 878
430.0 889
440.0 861
450.0 921
460.0 861
470.0 943
480.0 1000
490.0 1021
500.0 1019
510.0 1043
520.0 1211
530.0 1248
540.0 1281
550.0 1391
560.0 1438
570.0 1566
580.0 1668
590.0 1763
600.0 1999
610.0 1986
620.0 2120
630.0 2183
640.0 2410
650.0 2314
660.0 2557
670.0 2485
680.0 2441
690.0 2421
700.0 2406
710.0 2305
720.0 2192
730.0 2058
740.0 1855
750.0 1703
760.0 1557
770.0 1352
780.0 1203
790.0 1016
800.0 870
810.0 693
820.0 590
830.0 463
840.0 413
850.0 292
860.0 217
870.0 177
880.0 163
890.0 96
900.0 61
910.0 49
920.0 44
930.0 27
940.0 20
950.0 13
960.0 11
970.0 5
980.0 2
990.0 2
1000.0 5
1010.0 0
1020.0 0
1030.0 1
1040.0 0
1050.0 0
1060.0 0
1070.0 0
1080.0 0
1090.0 0
1100.0 0
1110.0 0
1120.0 0
1130.0 0
1140.0 0
1150.0 0
1160.0 0
1170.0 0
1180.0 0
1190.0 0
1200.0 0
1210.0 0
1220.0 0
1230.0 0
1240.0 0
1250.0 0
1260.0 0
1270.0 0
1280.0 0
1290.0 0
1300.0 0
1310.0 0
1320.0 0
1330.0 0
1340.0 0
1350.0 0
1360.0 0
1370.0 0
1380.0 0
1390.0 0
1400.0 0
1410.0 0
1420.0 0
1430.0 0
1440.0 0
1450.0 0
1460.0 0
1470.0 0
1480.0 0
1490.0 0
