0.0 6
10.0 13
20.0 12
30.0 19
40.0 15
50.0 25
60.0 40
70.0 36
80.0 33
90.0 42
100.0 62
110.0 65
120.0 95
130.0 97
140.0 116
150.0 132
160.0 169
170.0 187
180.0 198
190.0 229
200.0 276
210.0 308
220.0 318
230.0 330
240.0 392
250.0 384
260.0 425
270.0 498
280.0 509
290.0 516
300.0 551
310.0 510
320.0 596
330.0 591
340.0 593
350.0 570
360.0 594
370.0 625
380.0 578
390.0 620
400.0 555
410.0 584
420.0 612
430.0 624
440.0 548
450.0 573
460.0 567
470.0 594
480.0 610
490.0 565
500.0 577
510.0 554
520.0 609
530.0 649
540.0 616
550.0 637
560.0 657
570.0 713
580.0 724
590.0 771
600.0 759
610.0 787
620.0 930
630.0 955
640.0 1100
650.0 1230
660.0 1351
670.0 1517
680.0 1687
690.0 1865
700.0 2076
710.0 2149
720.0 2369
730.0 2559
740.0 2677
750.0 2749
760.0 2918
770.0 3014
780.0 2906
790.0 3005
800.0 3079
810.0 2892
820.0 2763
830.0 2614
840.0 2419
850.0 2225
860.0 1981
870.0 1771
880.0 1630
890.0 1265
900.0 1206
910.0 1003
920.0 783
930.0 646
940.0 532
950.0 414
960.0 283
970.0 250
980.0 189
990.0 128
1000.0 115
1010.0 80
1020.0 46
1030.0 29
1040.0 22
1050.0 17
1060.0 11
1070.0 10
1080.0 7
1090.0 3
1100.0 2
1110.0 3
1120.0 1
1130.0 1
1140.0 0
1150.0 0
1160.0 0
1170.0 0
1180.0 0
1190.0 0
1200.0 0
1210.0 0
1220.0 0
1230.0 0
1240.0 0
1250.0 0
1260.0 0
1270.0 0
1280.0 0
1290.0 0
1300.0 0
1310.0 0
1320.0 0
1330.0 0
1340.0 0
1350.0 0
1360.0 0
1370.0 0
1380.0 0
1390.0 0
1400.0 0
1410.0 0
1420.0 0
1430.0 0
1440.0 0
1450.0 0
1460.0 0
1470.0 0
1480.0 0
1490.0 0
