0.0 27
10.0 38
20.0 50
30.0 73
40.0 70
50.0 87
60.0 100
70.0 144
80.0 156
90.0 178
100.0 208
110.0 258
120.0 295
130.0 314
140.0 354
150.0 428
160.0 503
170.0 502
180.0 593
190.0 652
200.0 645
210.0 685
220.0 736
230.0 843
240.0 823
250.0 826
260.0 820
270.0 892
280.0 846
290.0 837
300.0 834
310.0 849
320.0 884
330.0 853
340.0 810
350.0 814
360.0 761
370.0 842
380.0 778
390.0 765
400.0 834
410.0 786
420.0 804
430.0 832
440.0 843
450.0 956
460.0 904
470.0 953
480.0 1015
490.0 1101
500.0 1177
510.0 1340
520.0 1490
530.0 1501
540.0 1674
550.0 1678
560.0 1956
570.0 2134
580.0 2243
590.0 2374
600.0 2540
610.0 2502
620.0 2498
630.0 2589
640.0 2529
650.0 2538
660.0 2543
670.0 2456
680.0 2207
690.0 1971
700.0 1918
710.0 1726
720.0 1523
730.0 1311
740.0 1161
750.0 974
760.0 856
770.0 675
780.0 498
790.0 462
800.0 343
810.0 271
820.0 223
830.0 174
840.0 108
850.0 82
860.0 54
870.0 39
880.0 36
890.0 20
900.0 17
910.0 8
920.0 9
930.0 8
940.0 2
950.0 0
960.0 0
970.0 2
980.0 1
990.0 0
1000.0 0
1010.0 0
1020.0 0
1030.0 0
1040.0 0
1050.0 0
1060.0 0
1070.0 0
1080.0 0
1090.0 0
1100.0 0
1110.0 0
1120.0 0
1130.0 0
1140.0 0
1150.0 0
1160.0 0
1170.0 0
1180.0 0
1190.0 0
1200.0 0
1210.0 0
1220.0 0
1230.0 0
1240.0 0
1250.0 0
1260.0 0
1270.0 0
1280.0 0
1290.0 0
1300.0 0
1310.0 0
1320.0 0
1330.0 0
1340.0 0
1350.0 0
1360.0 0
1370.0 0
1380.0 0
1390.0 0
1400.0 0
1410.0 0
1420.0 0
1430.0 0
1440.0 0
1450.0 0
1460.0 0
1470.0 0
1480.0 0
1490.0 0
