0.0 176
10.0 248
20.0 267
30.0 328
40.0 405
50.0 503
60.0 561
70.0 610
80.0 727
90.0 845
100.0 912
110.0 1003
120.0 1152
130.0 1205
140.0 1304
150.0 1329
160.0 1418
170.0 1461
180.0 1493
190.0 1524
200.0 1525
210.0 1592
220.0 1521
230.0 1603
240.0 1563
250.0 1575
260.0 1510
270.0 1520
280.0 1450
290.0 1418
300.0 1528
310.0 1464
320.0 1465
330.0 1486
340.0 1489
350.0 1520
360.0 1568
370.0 1599
380.0 1679
390.0 1649
400.0 1769
410.0 1799
420.0 1770
430.0 1855
440.0 1864
450.0 1921
460.0 1948
470.0 1870
480.0 1815
490.0 1824
500.0 1717
510.0 1615
520.0 1516
530.0 1344
540.0 1316
550.0 1219
560.0 1004
570.0 911
580.0 815
590.0 732
600.0 570
610.0 469
620.0 392
630.0 294
640.0 253
650.0 192
660.0 155
670.0 105
680.0 77
690.0 53
700.0 41
710.0 37
720.0 29
730.0 20
740.0 10
750.0 9
760.0 3
770.0 3
780.0 2
790.0 1
800.0 1
810.0 1
820.0 1
830.0 0
840.0 0
850.0 0
860.0 0
870.0 0
880.0 0
890.0 0
900.0 0
910.0 0
920.0 0
930.0 0
940.0 0
950.0 0
960.0 0
970.0 0
980.0 0
990.0 0
1000.0 0
1010.0 0
1020.0 0
1030.0 0
1040.0 0
1050.0 0
1060.0 0
1070.0 0
1080.0 0
1090.0 0
1100.0 0
1110.0 0
1120.0 0
1130.0 0
1140.0 0
1150.0 0
1160.0 0
1170.0 0
1180.0 0
1190.0 0
1200.0 0
1210.0 0
1220.0 0
1230.0 0
1240.0 0
1250.0 0
1260.0 0
1270.0 0
1280.0 0
1290.0 0
1300.0 0
1310.0 0
1320.0 0
1330.0 0
1340.0 0
1350.0 0
1360.0 0
1370.0 0
1380.0 0
1390.0 0
1400.0 0
1410.0 0
1420.0 0
1430.0 0
1440.0 0
1450.0 0
1460.0 0
1470.0 0
1480.0 0
1490.0 0
