0.0 57
10.0 66
20.0 74
30.0 87
40.0 108
50.0 139
60.0 165
70.0 200
80.0 250
90.0 279
100.0 265
110.0 315
120.0 340
130.0 450
140.0 445
150.0 535
160.0 626
170.0 609
180.0 697
190.0 719
200.0 726
210.0 829
220.0 838
230.0 890
240.0 840
250.0 920
260.0 956
270.0 983
280.0 995
290.0 1021
300.0 1021
310.0 1026
320.0 1026
330.0 1013
340.0 1044
350.0 1043
360.0 1018
370.0 997
380.0 1074
390.0 1038
400.0 1080
410.0 1141
420.0 1062
430.0 1140
440.0 1158
450.0 1182
460.0 1234
470.0 1275
480.0 1358
490.0 1368
500.0 1464
510.0 1514
520.0 1608
530.0 1601
540.0 1771
550.0 1907
560.0 2002
570.0 1981
580.0 2077
590.0 2145
600.0 2143
610.0 2196
620.0 2289
630.0 2104
640.0 2123
650.0 1994
660.0 1949
670.0 1859
680.0 1631
690.0 1543
700.0 1441
710.0 1257
720.0 1092
730.0 974
740.0 845
750.0 723
760.0 539
770.0 537
780.0 330
790.0 290
800.0 247
810.0 163
820.0 126
830.0 102
840.0 91
850.0 61
860.0 41
870.0 23
880.0 19
890.0 17
900.0 7
910.0 9
920.0 0
930.0 4
940.0 0
950.0 0
960.0 0
970.0 0
980.0 1
990.0 0
1000.0 0
1010.0 0
1020.0 0
1030.0 0
1040.0 0
1050.0 0
1060.0 0
1070.0 0
1080.0 0
1090.0 0
1100.0 0
1110.0 0
1120.0 0
1130.0 0
1140.0 0
1150.0 0
1160.0 0
1170.0 0
1180.0 0
1190.0 0
1200.0 0
1210.0 0
1220.0 0
1230.0 0
1240.0 0
1250.0 0
1260.0 0
1270.0 0
1280.0 0
1290.0 0
1300.0 0
1310.0 0
1320.0 0
1330.0 0
1340.0 0
1350.0 0
1360.0 0
1370.0 0
1380.0 0
1390.0 0
1400.0 0
1410.0 0
1420.0 0
1430.0 0
1440.0 0
1450.0 0
1460.0 0
1470.0 0
1480.0 0
1490.0 0
