0.0 12
10.0 15
20.0 15
30.0 18
40.0 26
50.0 22
60.0 35
70.0 42
80.0 45
90.0 52
100.0 64
110.0 70
120.0 95
130.0 110
140.0 132
150.0 125
160.0 139
170.0 176
180.0 187
190.0 200
200.0 256
210.0 266
220.0 284
230.0 293
240.0 337
250.0 330
260.0 395
270.0 412
280.0 484
290.0 455
300.0 479
310.0 578
320.0 534
330.0 554
340.0 563
350.0 587
360.0 629
370.0 635
380.0 609
390.0 667
400.0 677
410.0 716
420.0 737
430.0 743
440.0 719
450.0 716
460.0 718
470.0 790
480.0 748
490.0 808
500.0 820
510.0 773
520.0 756
530.0 780
540.0 792
550.0 836
560.0 844
570.0 899
580.0 836
590.0 878
600.0 873
610.0 919
620.0 950
630.0 976
640.0 1048
650.0 1108
660.0 1170
670.0 1118
680.0 1303
690.0 1298
700.0 1441
710.0 1515
720.0 1640
730.0 1789
740.0 1921
750.0 2001
760.0 2116
770.0 2212
780.0 2504
790.0 2384
800.0 2484
810.0 2550
820.0 2594
830.0 2611
840.0 2597
850.0 2464
860.0 2309
870.0 2277
880.0 2046
890.0 2010
900.0 1733
910.0 1607
920.0 1327
930.0 1246
940.0 1038
950.0 893
960.0 790
970.0 594
980.0 479
990.0 383
1000.0 300
1010.0 251
1020.0 184
1030.0 149
1040.0 93
1050.0 75
1060.0 56
1070.0 43
1080.0 18
1090.0 15
1100.0 6
1110.0 5
1120.0 6
1130.0 5
1140.0 2
1150.0 4
1160.0 1
1170.0 1
1180.0 1
1190.0 0
1200.0 0
1210.0 0
1220.0 0
1230.0 0
1240.0 0
1250.0 0
1260.0 0
1270.0 0
1280.0 0
1290.0 0
1300.0 0
1310.0 0
1320.0 0
1330.0 0
1340.0 0
1350.0 0
1360.0 0
1370.0 0
1380.0 0
1390.0 0
1400.0 0
1410.0 0
1420.0 0
1430.0 0
1440.0 0
1450.0 0
1460.0 0
1470.0 0
1480.0 0
1490.0 0
