0.0 47
10.0 49
20.0 88
30.0 85
40.0 106
50.0 158
60.0 182
70.0 201
80.0 272
90.0 272
100.0 319
110.0 413
120.0 466
130.0 489
140.0 592
150.0 605
160.0 700
170.0 788
180.0 853
190.0 817
200.0 897
210.0 935
220.0 910
230.0 984
240.0 1019
250.0 1031
260.0 999
270.0 1029
280.0 1017
290.0 966
300.0 980
310.0 989
320.0 888
330.0 1002
340.0 981
350.0 1011
360.0 908
370.0 962
380.0 952
390.0 901
400.0 1028
410.0 1020
420.0 1068
430.0 1079
440.0 1159
450.0 1239
460.0 1299
470.0 1497
480.0 1550
490.0 1621
500.0 1779
510.0 1873
520.0 2012
530.0 2070
540.0 2153
550.0 2345
560.0 2344
570.0 2286
580.0 2285
590.0 2293
600.0 2294
610.0 2142
620.0 2116
630.0 2015
640.0 1861
650.0 1690
660.0 1462
670.0 1276
680.0 1133
690.0 948
700.0 791
710.0 645
720.0 580
730.0 425
740.0 381
750.0 308
760.0 230
770.0 170
780.0 113
790.0 100
800.0 79
810.0 45
820.0 42
830.0 27
840.0 15
850.0 17
860.0 8
870.0 6
880.0 1
890.0 0
900.0 2
910.0 2
920.0 1
930.0 1
940.0 1
950.0 0
960.0 0
970.0 0
980.0 0
990.0 0
1000.0 0
1010.0 0
1020.0 0
1030.0 0
1040.0 0
1050.0 0
1060.0 0
1070.0 0
1080.0 0
1090.0 0
1100.0 0
1110.0 0
1120.0 0
1130.0 0
1140.0 0
1150.0 0
1160.0 0
1170.0 0
1180.0 0
1190.0 0
1200.0 0
1210.0 0
1220.0 0
1230.0 0
1240.0 0
1250.0 0
1260.0 0
1270.0 0
1280.0 0
1290.0 0
1300.0 0
1310.0 0
1320.0 0
1330.0 0
1340.0 0
1350.0 0
1360.0 0
1370.0 0
1380.0 0
1390.0 0
1400.0 0
1410.0 0
1420.0 0
1430.0 0
1440.0 0
1450.0 0
1460.0 0
1470.0 0
1480.0 0
1490.0 0
