0.0 21
10.0 19
20.0 28
30.0 40
40.0 39
50.0 57
60.0 70
70.0 79
80.0 110
90.0 130
100.0 138
110.0 137
120.0 179
130.0 220
140.0 234
150.0 263
160.0 297
170.0 328
180.0 339
190.0 373
200.0 420
210.0 429
220.0 471
230.0 495
240.0 551
250.0 590
260.0 585
270.0 695
280.0 672
290.0 741
300.0 737
310.0 800
320.0 796
330.0 827
340.0 800
350.0 826
360.0 777
370.0 855
380.0 850
390.0 870
400.0 842
410.0 866
420.0 854
430.0 860
440.0 879
450.0 958
460.0 876
470.0 884
480.0 920
490.0 914
500.0 963
510.0 955
520.0 993
530.0 1038
540.0 1040
550.0 1067
560.0 1166
570.0 1159
580.0 1265
590.0 1284
600.0 1449
610.0 1585
620.0 1655
630.0 1714
640.0 1849
650.0 1945
660.0 2019
670.0 2212
680.0 2195
690.0 2383
700.0 2419
710.0 2495
720.0 2457
730.0 2402
740.0 2477
750.0 2334
760.0 2225
770.0 2125
780.0 1936
790.0 1860
800.0 1658
810.0 1506
820.0 1371
830.0 1125
840.0 996
850.0 825
860.0 636
870.0 551
880.0 442
890.0 363
900.0 289
910.0 225
920.0 146
930.0 125
940.0 100
950.0 61
960.0 44
970.0 31
980.0 27
990.0 12
1000.0 10
1010.0 6
1020.0 7
1030.0 4
1040.0 2
1050.0 1
1060.0 2
1070.0 0
1080.0 0
1090.0 1
1100.0 0
1110.0 0
1120.0 0
1130.0 0
1140.0 0
1150.0 0
1160.0 0
1170.0 0
1180.0 0
1190.0 0
1200.0 0
1210.0 0
1220.0 0
1230.0 0
1240.0 0
1250.0 0
1260.0 0
1270.0 0
1280.0 0
1290.0 0
1300.0 0
1310.0 0
1320.0 0
1330.0 0
1340.0 0
1350.0 0
1360.0 0
1370.0 0
1380.0 0
1390.0 0
1400.0 0
1410.0 0
1420.0 0
1430.0 0
1440.0 0
1450.0 0
1460.0 0
1470.0 0
1480.0 0
1490.0 0
