0.0 8
10.0 11
20.0 21
30.0 21
40.0 15
50.0 25
60.0 28
70.0 46
80.0 51
90.0 67
100.0 75
110.0 72
120.0 75
130.0 108
140.0 126
150.0 134
160.0 153
170.0 181
180.0 161
190.0 224
200.0 230
210.0 280
220.0 294
230.0 338
240.0 346
250.0 369
260.0 367
270.0 421
280.0 481
290.0 458
300.0 484
310.0 508
320.0 533
330.0 577
340.0 535
350.0 575
360.0 581
370.0 597
380.0 652
390.0 664
400.0 696
410.0 658
420.0 681
430.0 730
440.0 678
450.0 814
460.0 733
470.0 759
480.0 783
490.0 759
500.0 768
510.0 754
520.0 772
530.0 825
540.0 796
550.0 800
560.0 828
570.0 827
580.0 803
590.0 859
600.0 921
610.0 924
620.0 939
630.0 974
640.0 1048
650.0 1091
660.0 1059
670.0 1215
680.0 1256
690.0 1322
700.0 1508
710.0 1520
720.0 1672
730.0 1746
740.0 1914
750.0 2018
760.0 2149
770.0 2251
780.0 2294
790.0 2528
800.0 2501
810.0 2518
820.0 2601
830.0 2562
840.0 2585
850.0 2547
860.0 2403
870.0 2299
880.0 2161
890.0 1925
900.0 1794
910.0 1637
920.0 1391
930.0 1224
940.0 1022
950.0 905
960.0 731
970.0 632
980.0 480
990.0 383
1000.0 286
1010.0 235
1020.0 177
1030.0 129
1040.0 99
1050.0 78
1060.0 56
1070.0 39
1080.0 27
1090.0 14
1100.0 13
1110.0 10
1120.0 7
1130.0 2
1140.0 4
1150.0 0
1160.0 1
1170.0 0
1180.0 0
1190.0 0
1200.0 0
1210.0 0
1220.0 0
1230.0 0
1240.0 0
1250.0 0
1260.0 0
1270.0 0
1280.0 0
1290.0 0
1300.0 0
1310.0 0
1320.0 0
1330.0 0
1340.0 0
1350.0 0
1360.0 0
1370.0 0
1380.0 0
1390.0 0
1400.0 0
1410.0 0
1420.0 0
1430.0 0
1440.0 0
1450.0 0
1460.0 0
1470.0 0
1480.0 0
1490.0 0
