0.0 18
10.0 15
20.0 21
30.0 24
40.0 24
50.0 38
60.0 46
70.0 62
80.0 75
90.0 91
100.0 89
110.0 109
120.0 123
130.0 143
140.0 154
150.0 208
160.0 225
170.0 278
180.0 298
190.0 332
200.0 361
210.0 395
220.0 448
230.0 479
240.0 476
250.0 526
260.0 597
270.0 566
280.0 621
290.0 611
300.0 620
310.0 664
320.0 647
330.0 634
340.0 664
350.0 676
360.0 671
370.0 655
380.0 659
390.0 618
400.0 685
410.0 596
420.0 670
430.0 631
440.0 649
450.0 651
460.0 654
470.0 619
480.0 647
490.0 626
500.0 642
510.0 647
520.0 680
530.0 736
540.0 775
550.0 826
560.0 865
570.0 962
580.0 1023
590.0 1091
600.0 1249
610.0 1334
620.0 1478
630.0 1630
640.0 1834
650.0 1937
660.0 2107
670.0 2291
680.0 2549
690.0 2545
700.0 2742
710.0 2831
720.0 2903
730.0 2881
740.0 2989
750.0 2818
760.0 2781
770.0 2734
780.0 2437
790.0 2296
800.0 2101
810.0 1905
820.0 1756
830.0 1526
840.0 1278
850.0 1059
860.0 963
870.0 752
880.0 598
890.0 473
900.0 427
910.0 305
920.0 226
930.0 181
940.0 155
950.0 91
960.0 63
970.0 37
980.0 31
990.0 30
1000.0 9
1010.0 9
1020.0 6
1030.0 2
1040.0 0
1050.0 0
1060.0 0
1070.0 1
1080.0 0
1090.0 1
1100.0 1
1110.0 0
1120.0 0
1130.0 0
1140.0 0
1150.0 0
1160.0 0
1170.0 0
1180.0 0
1190.0 0
1200.0 0
1210.0 0
1220.0 0
1230.0 0
1240.0 0
1250.0 0
1260.0 0
1270.0 0
1280.0 0
1290.0 0
1300.0 0
1310.0 0
1320.0 0
1330.0 0
1340.0 0
1350.0 0
1360.0 0
1370.0 0
1380.0 0
1390.0 0
1400.0 0
1410.0 0
1420.0 0
1430.0 0
1440.0 0
1450.0 0
1460.0 0
1470.0 0
1480.0 0
1490.0 0
