0.0 159
10.0 165
20.0 204
30.0 272
40.0 300
50.0 379
60.0 472
70.0 609
80.0 628
90.0 715
100.0 793
110.0 888
120.0 970
130.0 1059
140.0 1123
150.0 1178
160.0 1303
170.0 1332
180.0 1435
190.0 1444
200.0 1420
210.0 1490
220.0 1450
230.0 1455
240.0 1402
250.0 1424
260.0 1347
270.0 1278
280.0 1335
290.0 1338
300.0 1254
310.0 1326
320.0 1327
330.0 1394
340.0 1324
350.0 1402
360.0 1403
370.0 1482
380.0 1537
390.0 1650
400.0 1739
410.0 1725
420.0 1931
430.0 2012
440.0 1973
450.0 2059
460.0 2129
470.0 2082
480.0 2118
490.0 2090
500.0 1947
510.0 1923
520.0 1817
530.0 1696
540.0 1626
550.0 1466
560.0 1346
570.0 1145
580.0 1009
590.0 906
600.0 723
610.0 582
620.0 494
630.0 364
640.0 340
650.0 256
660.0 213
670.0 134
680.0 106
690.0 85
700.0 66
710.0 52
720.0 36
730.0 19
740.0 19
750.0 14
760.0 10
770.0 6
780.0 3
790.0 1
800.0 0
810.0 1
820.0 1
830.0 0
840.0 0
850.0 0
860.0 0
870.0 0
880.0 0
890.0 0
900.0 0
910.0 0
920.0 0
930.0 0
940.0 0
950.0 0
960.0 0
970.0 0
980.0 0
990.0 0
1000.0 0
1010.0 0
1020.0 0
1030.0 0
1040.0 0
1050.0 0
1060.0 0
1070.0 0
1080.0 0
1090.0 0
1100.0 0
1110.0 0
1120.0 0
1130.0 0
1140.0 0
1150.0 0
1160.0 0
1170.0 0
1180.0 0
1190.0 0
1200.0 0
1210.0 0
1220.0 0
1230.0 0
1240.0 0
1250.0 0
1260.0 0
1270.0 0
1280.0 0
1290.0 0
1300.0 0
1310.0 0
1320.0 0
1330.0 0
1340.0 0
1350.0 0
1360.0 0
1370.0 0
1380.0 0
1390.0 0
1400.0 0
1410.0 0
1420.0 0
1430.0 0
1440.0 0
1450.0 0
1460.0 0
1470.0 0
1480.0 0
1490.0 0
