0.0 8
10.0 15
20.0 13
30.0 15
40.0 14
50.0 22
60.0 31
70.0 24
80.0 33
90.0 41
100.0 55
110.0 59
120.0 58
130.0 83
140.0 77
150.0 83
160.0 111
170.0 118
180.0 138
190.0 160
200.0 174
210.0 211
220.0 205
230.0 218
240.0 277
250.0 282
260.0 304
270.0 317
280.0 322
290.0 364
300.0 377
310.0 403
320.0 444
330.0 438
340.0 471
350.0 502
360.0 541
370.0 546
380.0 605
390.0 540
400.0 595
410.0 586
420.0 658
430.0 633
440.0 629
450.0 680
460.0 627
470.0 733
480.0 709
490.0 713
500.0 757
510.0 738
520.0 708
530.0 775
540.0 737
550.0 732
560.0 772
570.0 754
580.0 803
590.0 792
600.0 731
610.0 829
620.0 811
630.0 870
640.0 872
650.0 829
660.0 888
670.0 898
680.0 958
690.0 935
700.0 1013
710.0 1040
720.0 1069
730.0 1269
740.0 1302
750.0 1375
760.0 1559
770.0 1643
780.0 1806
790.0 1953
800.0 2058
810.0 2274
820.0 2229
830.0 2376
840.0 2541
850.0 2559
860.0 2719
870.0 2758
880.0 2637
890.0 2680
900.0 2487
910.0 2455
920.0 2340
930.0 2176
940.0 1946
950.0 1786
960.0 1582
970.0 1380
980.0 1295
990.0 1079
1000.0 866
1010.0 795
1020.0 623
1030.0 479
1040.0 433
1050.0 281
1060.0 239
1070.0 168
1080.0 117
1090.0 99
1100.0 49
1110.0 65
1120.0 33
1130.0 22
1140.0 18
1150.0 11
1160.0 4
1170.0 2
1180.0 4
1190.0 5
1200.0 2
1210.0 1
1220.0 1
1230.0 0
1240.0 0
1250.0 0
1260.0 0
1270.0 0
1280.0 0
1290.0 0
1300.0 0
1310.0 0
1320.0 0
1330.0 0
1340.0 0
1350.0 0
1360.0 0
1370.0 0
1380.0 0
1390.0 0
1400.0 0
1410.0 0
1420.0 0
1430.0 0
1440.0 0
1450.0 0
1460.0 0
1470.0 0
1480.0 0
1490.0 0
