0.0 148
10.0 195
20.0 245
30.0 273
40.0 362
50.0 390
60.0 436
70.0 535
80.0 643
90.0 711
100.0 834
110.0 943
120.0 982
130.0 1038
140.0 1105
150.0 1256
160.0 1320
170.0 1335
180.0 1433
190.0 1478
200.0 1426
210.0 1509
220.0 1457
230.0 1535
240.0 1454
250.0 1465
260.0 1468
270.0 1373
280.0 1378
290.0 1337
300.0 1380
310.0 1349
320.0 1283
330.0 1387
340.0 1389
350.0 1397
360.0 1429
370.0 1540
380.0 1592
390.0 1591
400.0 1779
410.0 1770
420.0 1892
430.0 1821
440.0 1972
450.0 2078
460.0 1974
470.0 2056
480.0 2056
490.0 2004
500.0 1952
510.0 1875
520.0 1779
530.0 1657
540.0 1567
550.0 1414
560.0 1203
570.0 1178
580.0 1026
590.0 791
600.0 680
610.0 554
620.0 486
630.0 400
640.0 334
650.0 284
660.0 185
670.0 150
680.0 121
690.0 70
700.0 57
710.0 39
720.0 28
730.0 15
740.0 13
750.0 9
760.0 5
770.0 8
780.0 4
790.0 0
800.0 0
810.0 0
820.0 0
830.0 0
840.0 0
850.0 0
860.0 0
870.0 0
880.0 0
890.0 0
900.0 0
910.0 0
920.0 0
930.0 0
940.0 0
950.0 0
960.0 0
970.0 0
980.0 0
990.0 0
1000.0 0
1010.0 0
1020.0 0
1030.0 0
1040.0 0
1050.0 0
1060.0 0
1070.0 0
1080.0 0
1090.0 0
1100.0 0
1110.0 0
1120.0 0
1130.0 0
1140.0 0
1150.0 0
1160.0 0
1170.0 0
1180.0 0
1190.0 0
1200.0 0
1210.0 0
1220.0 0
1230.0 0
1240.0 0
1250.0 0
1260.0 0
1270.0 0
1280.0 0
1290.0 0
1300.0 0
1310.0 0
1320.0 0
1330.0 0
1340.0 0
1350.0 0
1360.0 0
1370.0 0
1380.0 0
1390.0 0
1400.0 0
1410.0 0
1420.0 0
1430.0 0
1440.0 0
1450.0 0
1460.0 0
1470.0 0
1480.0 0
1490.0 0
