0.0 34
10.0 18
20.0 26
30.0 42
40.0 42
50.0 51
60.0 65
70.0 75
80.0 113
90.0 129
100.0 142
110.0 199
120.0 185
130.0 235
140.0 295
150.0 262
160.0 350
170.0 362
180.0 407
190.0 426
200.0 494
210.0 561
220.0 593
230.0 617
240.0 675
250.0 671
260.0 692
270.0 675
280.0 712
290.0 786
300.0 746
310.0 782
320.0 746
330.0 743
340.0 773
350.0 730
360.0 719
370.0 726
380.0 700
390.0 732
400.0 746
410.0 713
420.0 707
430.0 739
440.0 712
450.0 739
460.0 716
470.0 786
480.0 781
490.0 826
500.0 781
510.0 887
520.0 954
530.0 1020
540.0 1115
550.0 1194
560.0 1267
570.0 1434
580.0 1602
590.0 1721
600.0 1796
610.0 2060
620.0 2222
630.0 2270
640.0 2571
650.0 2657
660.0 2788
670.0 2791
680.0 2799
690.0 2752
700.0 2705
710.0 2617
720.0 2577
730.0 2313
740.0 2191
750.0 2026
760.0 1830
770.0 1635
780.0 1383
790.0 1267
800.0 1025
810.0 823
820.0 743
830.0 607
840.0 460
850.0 371
860.0 270
870.0 212
880.0 148
890.0 106
900.0 85
910.0 73
920.0 51
930.0 25
940.0 24
950.0 9
960.0 9
970.0 6
980.0 5
990.0 3
1000.0 2
1010.0 2
1020.0 0
1030.0 0
1040.0 0
1050.0 0
1060.0 0
1070.0 0
1080.0 0
1090.0 0
1100.0 0
1110.0 0
1120.0 0
1130.0 0
1140.0 0
1150.0 0
1160.0 0
1170.0 0
1180.0 0
1190.0 0
1200.0 0
1210.0 0
1220.0 0
1230.0 0
1240.0 0
1250.0 0
1260.0 0
1270.0 0
1280.0 0
1290.0 0
1300.0 0
1310.0 0
1320.0 0
1330.0 0
1340.0 0
1350.0 0
1360.0 0
1370.0 0
1380.0 0
1390.0 0
1400.0 0
1410.0 0
1420.0 0
1430.0 0
1440.0 0
1450.0 0
1460.0 0
1470.0 0
1480.0 0
1490.0 0
