0.0 18
10.0 34
20.0 22
30.0 30
40.0 56
50.0 51
60.0 68
70.0 79
80.0 121
90.0 119
100.0 125
110.0 158
120.0 177
130.0 203
140.0 259
150.0 261
160.0 320
170.0 340
180.0 368
190.0 400
200.0 444
210.0 503
220.0 515
230.0 556
240.0 585
250.0 602
260.0 630
270.0 656
280.0 693
290.0 740
300.0 745
310.0 752
320.0 767
330.0 800
340.0 825
350.0 824
360.0 869
370.0 813
380.0 871
390.0 902
400.0 870
410.0 861
420.0 945
430.0 928
440.0 880
450.0 915
460.0 904
470.0 990
480.0 915
490.0 975
500.0 970
510.0 1023
520.0 1106
530.0 1070
540.0 1115
550.0 1152
560.0 1232
570.0 1245
580.0 1362
590.0 1363
600.0 1466
610.0 1565
620.0 1629
630.0 1746
640.0 1816
650.0 1989
660.0 2069
670.0 2112
680.0 2174
690.0 2377
700.0 2295
710.0 2468
720.0 2466
730.0 2265
740.0 2325
750.0 2280
760.0 2157
770.0 2035
780.0 1920
790.0 1774
800.0 1542
810.0 1354
820.0 1271
830.0 1055
840.0 865
850.0 775
860.0 662
870.0 561
880.0 450
890.0 306
900.0 262
910.0 211
920.0 174
930.0 115
940.0 76
950.0 69
960.0 47
970.0 33
980.0 30
990.0 12
1000.0 10
1010.0 6
1020.0 4
1030.0 1
1040.0 1
1050.0 1
1060.0 1
1070.0 1
1080.0 0
1090.0 0
1100.0 0
1110.0 0
1120.0 0
1130.0 0
1140.0 0
1150.0 0
1160.0 0
1170.0 0
1180.0 0
1190.0 0
1200.0 0
1210.0 0
1220.0 0
1230.0 0
1240.0 0
1250.0 0
1260.0 0
1270.0 0
1280.0 0
1290.0 0
1300.0 0
1310.0 0
1320.0 0
1330.0 0
1340.0 0
1350.0 0
1360.0 0
1370.0 0
1380.0 0
1390.0 0
1400.0 0
1410.0 0
1420.0 0
1430.0 0
1440.0 0
1450.0 0
1460.0 0
1470.0 0
1480.0 0
1490.0 0
