0.0 99
10.0 110
20.0 133
30.0 184
40.0 225
50.0 242
60.0 304
70.0 417
80.0 394
90.0 468
100.0 550
110.0 604
120.0 725
130.0 773
140.0 839
150.0 892
160.0 965
170.0 1099
180.0 1059
190.0 1099
200.0 1129
210.0 1173
220.0 1219
230.0 1250
240.0 1169
250.0 1226
260.0 1297
270.0 1167
280.0 1247
290.0 1190
300.0 1176
310.0 1184
320.0 1135
330.0 1130
340.0 1216
350.0 1191
360.0 1213
370.0 1180
380.0 1222
390.0 1275
400.0 1279
410.0 1452
420.0 1508
430.0 1505
440.0 1595
450.0 1684
460.0 1815
470.0 1813
480.0 1879
490.0 1977
500.0 1953
510.0 1985
520.0 2016
530.0 2026
540.0 1946
550.0 1883
560.0 1822
570.0 1648
580.0 1570
590.0 1467
600.0 1291
610.0 1145
620.0 1070
630.0 934
640.0 761
650.0 633
660.0 584
670.0 399
680.0 365
690.0 280
700.0 217
710.0 181
720.0 130
730.0 108
740.0 69
750.0 60
760.0 34
770.0 28
780.0 14
790.0 13
800.0 10
810.0 9
820.0 4
830.0 2
840.0 5
850.0 0
860.0 1
870.0 1
880.0 0
890.0 0
900.0 0
910.0 0
920.0 0
930.0 0
940.0 0
950.0 0
960.0 0
970.0 0
980.0 0
990.0 0
1000.0 0
1010.0 0
1020.0 0
1030.0 0
1040.0 0
1050.0 0
1060.0 0
1070.0 0
1080.0 0
1090.0 0
1100.0 0
1110.0 0
1120.0 0
1130.0 0
1140.0 0
1150.0 0
1160.0 0
1170.0 0
1180.0 0
1190.0 0
1200.0 0
1210.0 0
1220.0 0
1230.0 0
1240.0 0
1250.0 0
1260.0 0
1270.0 0
1280.0 0
1290.0 0
1300.0 0
1310.0 0
1320.0 0
1330.0 0
1340.0 0
1350.0 0
1360.0 0
1370.0 0
1380.0 0
1390.0 0
1400.0 0
1410.0 0
1420.0 0
1430.0 0
1440.0 0
1450.0 0
1460.0 0
1470.0 0
1480.0 0
1490.0 0
