0.0 37
10.0 39
20.0 51
30.0 52
40.0 84
50.0 100
60.0 97
70.0 135
80.0 157
90.0 157
100.0 229
110.0 257
120.0 276
130.0 319
140.0 381
150.0 403
160.0 467
170.0 549
180.0 528
190.0 649
200.0 669
210.0 730
220.0 710
230.0 771
240.0 800
250.0 831
260.0 912
270.0 811
280.0 828
290.0 862
300.0 857
310.0 863
320.0 881
330.0 831
340.0 772
350.0 856
360.0 807
370.0 823
380.0 774
390.0 822
400.0 773
410.0 795
420.0 769
430.0 810
440.0 841
450.0 911
460.0 934
470.0 969
480.0 1064
490.0 1115
500.0 1153
510.0 1371
520.0 1402
530.0 1566
540.0 1700
550.0 1880
560.0 1922
570.0 2068
580.0 2314
590.0 2336
600.0 2534
610.0 2571
620.0 2603
630.0 2584
640.0 2620
650.0 2548
660.0 2492
670.0 2355
680.0 2152
690.0 2062
700.0 1859
710.0 1686
720.0 1512
730.0 1303
740.0 1169
750.0 992
760.0 829
770.0 643
780.0 546
790.0 408
800.0 344
810.0 259
820.0 200
830.0 146
840.0 90
850.0 81
860.0 63
870.0 39
880.0 22
890.0 18
900.0 10
910.0 10
920.0 6
930.0 2
940.0 0
950.0 3
960.0 0
970.0 1
980.0 0
990.0 0
1000.0 0
1010.0 0
1020.0 0
1030.0 0
1040.0 0
1050.0 0
1060.0 0
1070.0 0
1080.0 0
1090.0 0
1100.0 0
1110.0 0
1120.0 0
1130.0 0
1140.0 0
1150.0 0
1160.0 0
1170.0 0
1180.0 0
1190.0 0
1200.0 0
1210.0 0
1220.0 0
1230.0 0
1240.0 0
1250.0 0
1260.0 0
1270.0 0
1280.0 0
1290.0 0
1300.0 0
1310.0 0
1320.0 0
1330.0 0
1340.0 0
1350.0 0
1360.0 0
1370.0 0
1380.0 0
1390.0 0
1400.0 0
1410.0 0
1420.0 0
1430.0 0
1440.0 0
1450.0 0
1460.0 0
1470.0 0
1480.0 0
1490.0 0
