0.0 28
10.0 32
20.0 27
30.0 36
40.0 70
50.0 80
60.0 65
70.0 101
80.0 120
90.0 163
100.0 134
110.0 187
120.0 235
130.0 257
140.0 291
150.0 297
160.0 325
170.0 368
180.0 454
190.0 462
200.0 484
210.0 563
220.0 631
230.0 642
240.0 678
250.0 720
260.0 744
270.0 775
280.0 835
290.0 758
300.0 816
310.0 869
320.0 773
330.0 822
340.0 815
350.0 854
360.0 792
370.0 804
380.0 776
390.0 868
400.0 823
410.0 816
420.0 832
430.0 791
440.0 830
450.0 814
460.0 860
470.0 880
480.0 875
490.0 918
500.0 940
510.0 1005
520.0 1018
530.0 1086
540.0 1243
550.0 1326
560.0 1377
570.0 1532
580.0 1615
590.0 1728
600.0 1921
610.0 1983
620.0 2259
630.0 2262
640.0 2458
650.0 2597
660.0 2539
670.0 2620
680.0 2564
690.0 2709
700.0 2477
710.0 2381
720.0 2178
730.0 2149
740.0 2023
750.0 1814
760.0 1653
770.0 1467
780.0 1225
790.0 1119
800.0 946
810.0 814
820.0 659
830.0 534
840.0 412
850.0 305
860.0 272
870.0 190
880.0 150
890.0 90
900.0 73
910.0 65
920.0 37
930.0 21
940.0 16
950.0 19
960.0 6
970.0 4
980.0 2
990.0 2
1000.0 0
1010.0 2
1020.0 0
1030.0 0
1040.0 0
1050.0 0
1060.0 0
1070.0 0
1080.0 0
1090.0 0
1100.0 0
1110.0 0
1120.0 0
1130.0 0
1140.0 0
1150.0 0
1160.0 0
1170.0 0
1180.0 0
1190.0 0
1200.0 0
1210.0 0
1220.0 0
1230.0 0
1240.0 0
1250.0 0
1260.0 0
1270.0 0
1280.0 0
1290.0 0
1300.0 0
1310.0 0
1320.0 0
1330.0 0
1340.0 0
1350.0 0
1360.0 0
1370.0 0
1380.0 0
1390.0 0
1400.0 0
1410.0 0
1420.0 0
1430.0 0
1440.0 0
1450.0 0
1460.0 0
1470.0 0
1480.0 0
1490.0 0
