0.0 11
10.0 27
20.0 20
30.0 32
40.0 36
50.0 39
60.0 60
70.0 57
80.0 77
90.0 96
100.0 88
110.0 123
120.0 134
130.0 147
140.0 177
150.0 209
160.0 221
170.0 263
180.0 274
190.0 310
200.0 311
210.0 356
220.0 399
230.0 433
240.0 438
250.0 495
260.0 542
270.0 541
280.0 564
290.0 601
300.0 628
310.0 641
320.0 678
330.0 674
340.0 687
350.0 690
360.0 713
370.0 732
380.0 718
390.0 789
400.0 782
410.0 765
420.0 851
430.0 896
440.0 821
450.0 826
460.0 918
470.0 892
480.0 886
490.0 926
500.0 863
510.0 856
520.0 900
530.0 969
540.0 950
550.0 925
560.0 975
570.0 1067
580.0 1043
590.0 1084
600.0 1175
610.0 1150
620.0 1252
630.0 1248
640.0 1407
650.0 1446
660.0 1523
670.0 1585
680.0 1719
690.0 1916
700.0 1991
710.0 1971
720.0 2227
730.0 2309
740.0 2455
750.0 2495
760.0 2426
770.0 2533
780.0 2425
790.0 2393
800.0 2336
810.0 2277
820.0 2106
830.0 1972
840.0 1878
850.0 1622
860.0 1503
870.0 1296
880.0 1062
890.0 959
900.0 837
910.0 681
920.0 556
930.0 428
940.0 344
950.0 248
960.0 205
970.0 142
980.0 111
990.0 77
1000.0 58
1010.0 48
1020.0 42
1030.0 24
1040.0 19
1050.0 14
1060.0 7
1070.0 4
1080.0 7
1090.0 1
1100.0 1
1110.0 2
1120.0 0
1130.0 0
1140.0 0
1150.0 0
1160.0 0
1170.0 0
1180.0 0
1190.0 0
1200.0 0
1210.0 0
1220.0 0
1230.0 0
1240.0 0
1250.0 0
1260.0 0
1270.0 0
1280.0 0
1290.0 0
1300.0 0
1310.0 0
1320.0 0
1330.0 0
1340.0 0
1350.0 0
1360.0 0
1370.0 0
1380.0 0
1390.0 0
1400.0 0
1410.0 0
1420.0 0
1430.0 0
1440.0 0
1450.0 0
1460.0 0
1470.0 0
1480.0 0
1490.0 0
