0.0 9
10.0 9
20.0 19
30.0 12
40.0 16
50.0 29
60.0 26
70.0 39
80.0 46
90.0 38
100.0 51
110.0 54
120.0 64
130.0 85
140.0 70
150.0 78
160.0 121
170.0 128
180.0 147
190.0 150
200.0 205
210.0 206
220.0 219
230.0 262
240.0 241
250.0 286
260.0 344
270.0 334
280.0 384
290.0 380
300.0 397
310.0 430
320.0 459
330.0 466
340.0 485
350.0 520
360.0 545
370.0 535
380.0 554
390.0 601
400.0 567
410.0 618
420.0 629
430.0 651
440.0 677
450.0 699
460.0 684
470.0 717
480.0 742
490.0 720
500.0 777
510.0 808
520.0 805
530.0 782
540.0 779
550.0 821
560.0 792
570.0 844
580.0 824
590.0 816
600.0 859
610.0 849
620.0 858
630.0 855
640.0 872
650.0 929
660.0 985
670.0 953
680.0 1036
690.0 1034
700.0 1104
710.0 1165
720.0 1192
730.0 1238
740.0 1407
750.0 1381
760.0 1546
770.0 1633
780.0 1817
790.0 1910
800.0 1982
810.0 2204
820.0 2275
830.0 2353
840.0 2444
850.0 2550
860.0 2540
870.0 2643
880.0 2475
890.0 2564
900.0 2458
910.0 2293
920.0 2162
930.0 2091
940.0 1922
950.0 1759
960.0 1502
970.0 1348
980.0 1145
990.0 997
1000.0 775
1010.0 714
1020.0 574
1030.0 469
1040.0 355
1050.0 274
1060.0 214
1070.0 179
1080.0 134
1090.0 90
1100.0 78
1110.0 47
1120.0 34
1130.0 28
1140.0 20
1150.0 11
1160.0 6
1170.0 8
1180.0 6
1190.0 3
1200.0 2
1210.0 1
1220.0 0
1230.0 1
1240.0 0
1250.0 0
1260.0 0
1270.0 0
1280.0 0
1290.0 0
1300.0 0
1310.0 0
1320.0 0
1330.0 0
1340.0 0
1350.0 0
1360.0 0
1370.0 0
1380.0 0
1390.0 0
1400.0 0
1410.0 0
1420.0 0
1430.0 0
1440.0 0
1450.0 0
1460.0 0
1470.0 0
1480.0 0
1490.0 0
