0.0 19
10.0 23
20.0 19
30.0 27
40.0 31
50.0 36
60.0 37
70.0 55
80.0 51
90.0 62
100.0 88
110.0 115
120.0 108
130.0 133
140.0 163
150.0 212
160.0 244
170.0 253
180.0 263
190.0 344
200.0 379
210.0 402
220.0 423
230.0 492
240.0 474
250.0 535
260.0 513
270.0 583
280.0 642
290.0 625
300.0 600
310.0 618
320.0 678
330.0 657
340.0 616
350.0 643
360.0 700
370.0 692
380.0 666
390.0 630
400.0 630
410.0 632
420.0 599
430.0 607
440.0 644
450.0 675
460.0 609
470.0 642
480.0 648
490.0 613
500.0 650
510.0 676
520.0 647
530.0 761
540.0 771
550.0 794
560.0 862
570.0 949
580.0 1047
590.0 1121
600.0 1283
610.0 1367
620.0 1481
630.0 1588
640.0 1808
650.0 1926
660.0 2232
670.0 2351
680.0 2485
690.0 2686
700.0 2731
710.0 2797
720.0 2871
730.0 2902
740.0 2869
750.0 2946
760.0 2819
770.0 2637
780.0 2480
790.0 2324
800.0 2122
810.0 1999
820.0 1705
830.0 1490
840.0 1295
850.0 1058
860.0 936
870.0 752
880.0 629
890.0 434
900.0 435
910.0 306
920.0 224
930.0 174
940.0 126
950.0 92
960.0 62
970.0 40
980.0 29
990.0 27
1000.0 19
1010.0 16
1020.0 4
1030.0 4
1040.0 3
1050.0 2
1060.0 0
1070.0 1
1080.0 0
1090.0 0
1100.0 1
1110.0 0
1120.0 0
1130.0 0
1140.0 0
1150.0 0
1160.0 0
1170.0 0
1180.0 0
1190.0 0
1200.0 0
1210.0 0
1220.0 0
1230.0 0
1240.0 0
1250.0 0
1260.0 0
1270.0 0
1280.0 0
1290.0 0
1300.0 0
1310.0 0
1320.0 0
1330.0 0
1340.0 0
1350.0 0
1360.0 0
1370.0 0
1380.0 0
1390.0 0
1400.0 0
1410.0 0
1420.0 0
1430.0 0
1440.0 0
1450.0 0
1460.0 0
1470.0 0
1480.0 0
1490.0 0
