0.0 77
10.0 110
20.0 127
30.0 165
40.0 183
50.0 208
60.0 295
70.0 327
80.0 404
90.0 466
100.0 471
110.0 546
120.0 650
130.0 779
140.0 749
150.0 856
160.0 872
170.0 973
180.0 1109
190.0 1067
200.0 1157
210.0 1167
220.0 1168
230.0 1104
240.0 1126
250.0 1225
260.0 1232
270.0 1194
280.0 1104
290.0 1083
300.0 1106
310.0 1148
320.0 1031
330.0 1007
340.0 1065
350.0 1047
360.0 1084
370.0 1099
380.0 1103
390.0 1187
400.0 1302
410.0 1326
420.0 1405
430.0 1545
440.0 1558
450.0 1649
460.0 1775
470.0 1835
480.0 1948
490.0 2013
500.0 2086
510.0 2150
520.0 2166
530.0 2112
540.0 2057
550.0 2046
560.0 1982
570.0 1830
580.0 1721
590.0 1543
600.0 1451
610.0 1342
620.0 1161
630.0 1013
640.0 898
650.0 717
660.0 632
670.0 472
680.0 401
690.0 333
700.0 261
710.0 220
720.0 124
730.0 115
740.0 99
750.0 58
760.0 39
770.0 40
780.0 32
790.0 15
800.0 7
810.0 1
820.0 3
830.0 4
840.0 2
850.0 0
860.0 0
870.0 0
880.0 0
890.0 0
900.0 1
910.0 0
920.0 0
930.0 0
940.0 0
950.0 0
960.0 0
970.0 0
980.0 0
990.0 0
1000.0 0
1010.0 0
1020.0 0
1030.0 0
1040.0 0
1050.0 0
1060.0 0
1070.0 0
1080.0 0
1090.0 0
1100.0 0
1110.0 0
1120.0 0
1130.0 0
1140.0 0
1150.0 0
1160.0 0
1170.0 0
1180.0 0
1190.0 0
1200.0 0
1210.0 0
1220.0 0
1230.0 0
1240.0 0
1250.0 0
1260.0 0
1270.0 0
1280.0 0
1290.0 0
1300.0 0
1310.0 0
1320.0 0
1330.0 0
1340.0 0
1350.0 0
1360.0 0
1370.0 0
1380.0 0
1390.0 0
1400.0 0
1410.0 0
1420.0 0
1430.0 0
1440.0 0
1450.0 0
1460.0 0
1470.0 0
1480.0 0
1490.0 0
