0.0 21
10.0 29
20.0 36
30.0 55
40.0 60
50.0 56
60.0 91
70.0 98
80.0 118
90.0 155
100.0 152
110.0 171
120.0 202
130.0 256
140.0 276
150.0 357
160.0 356
170.0 405
180.0 436
190.0 505
200.0 525
210.0 539
220.0 600
230.0 644
240.0 678
250.0 678
260.0 740
270.0 748
280.0 817
290.0 842
300.0 784
310.0 767
320.0 824
330.0 758
340.0 814
350.0 828
360.0 817
370.0 815
380.0 792
390.0 749
400.0 798
410.0 807
420.0 830
430.0 878
440.0 809
450.0 844
460.0 797
470.0 837
480.0 881
490.0 934
500.0 957
510.0 1046
520.0 1033
530.0 1161
540.0 1153
550.0 1283
560.0 1412
570.0 1522
580.0 1656
590.0 1753
600.0 1994
610.0 2086
620.0 2107
630.0 2219
640.0 2497
650.0 2507
660.0 2546
670.0 2546
680.0 2592
690.0 2588
700.0 2531
710.0 2479
720.0 2339
730.0 2203
740.0 1935
750.0 1861
760.0 1659
770.0 1490
780.0 1313
790.0 1150
800.0 893
810.0 763
820.0 621
830.0 499
840.0 411
850.0 351
860.0 255
870.0 181
880.0 128
890.0 99
900.0 82
910.0 45
920.0 37
930.0 43
940.0 21
950.0 16
960.0 5
970.0 4
980.0 3
990.0 5
1000.0 2
1010.0 2
1020.0 0
1030.0 0
1040.0 0
1050.0 0
1060.0 0
1070.0 0
1080.0 0
1090.0 0
1100.0 0
1110.0 0
1120.0 0
1130.0 0
1140.0 0
1150.0 0
1160.0 0
1170.0 0
1180.0 0
1190.0 0
1200.0 0
1210.0 0
1220.0 0
1230.0 0
1240.0 0
1250.0 0
1260.0 0
1270.0 0
1280.0 0
1290.0 0
1300.0 0
1310.0 0
1320.0 0
1330.0 0
1340.0 0
1350.0 0
1360.0 0
1370.0 0
1380.0 0
1390.0 0
1400.0 0
1410.0 0
1420.0 0
1430.0 0
1440.0 0
1450.0 0
1460.0 0
1470.0 0
1480.0 0
1490.0 0
