0.0 120
10.0 136
20.0 161
30.0 192
40.0 229
50.0 290
60.0 358
70.0 398
80.0 479
90.0 475
100.0 537
110.0 645
120.0 728
130.0 766
140.0 868
150.0 979
160.0 1055
170.0 1056
180.0 1125
190.0 1157
200.0 1144
210.0 1194
220.0 1251
230.0 1209
240.0 1275
250.0 1251
260.0 1263
270.0 1216
280.0 1287
290.0 1231
300.0 1123
310.0 1251
320.0 1241
330.0 1218
340.0 1237
350.0 1225
360.0 1256
370.0 1305
380.0 1298
390.0 1380
400.0 1406
410.0 1385
420.0 1455
430.0 1494
440.0 1571
450.0 1686
460.0 1778
470.0 1775
480.0 1823
490.0 1928
500.0 1941
510.0 1972
520.0 1981
530.0 1880
540.0 1851
550.0 1844
560.0 1732
570.0 1619
580.0 1440
590.0 1389
600.0 1211
610.0 1089
620.0 966
630.0 808
640.0 735
650.0 617
660.0 488
670.0 422
680.0 326
690.0 291
700.0 189
710.0 163
720.0 111
730.0 94
740.0 57
750.0 56
760.0 39
770.0 23
780.0 17
790.0 15
800.0 6
810.0 4
820.0 3
830.0 3
840.0 1
850.0 1
860.0 1
870.0 0
880.0 0
890.0 0
900.0 0
910.0 0
920.0 0
930.0 0
940.0 0
950.0 0
960.0 0
970.0 0
980.0 0
990.0 0
1000.0 0
1010.0 0
1020.0 0
1030.0 0
1040.0 0
1050.0 0
1060.0 0
1070.0 0
1080.0 0
1090.0 0
1100.0 0
1110.0 0
1120.0 0
1130.0 0
1140.0 0
1150.0 0
1160.0 0
1170.0 0
1180.0 0
1190.0 0
1200.0 0
1210.0 0
1220.0 0
1230.0 0
1240.0 0
1250.0 0
1260.0 0
1270.0 0
1280.0 0
1290.0 0
1300.0 0
1310.0 0
1320.0 0
1330.0 0
1340.0 0
1350.0 0
1360.0 0
1370.0 0
1380.0 0
1390.0 0
1400.0 0
1410.0 0
1420.0 0
1430.0 0
1440.0 0
1450.0 0
1460.0 0
1470.0 0
1480.0 0
1490.0 0
