0.0 7
10.0 13
20.0 11
30.0 16
40.0 17
50.0 21
60.0 20
70.0 31
80.0 32
90.0 52
100.0 53
110.0 61
120.0 73
130.0 67
140.0 88
150.0 102
160.0 120
170.0 133
180.0 173
190.0 201
200.0 196
210.0 228
220.0 250
230.0 294
240.0 295
250.0 332
260.0 365
270.0 392
280.0 433
290.0 384
300.0 470
310.0 469
320.0 516
330.0 500
340.0 565
350.0 547
360.0 573
370.0 545
380.0 594
390.0 570
400.0 600
410.0 580
420.0 632
430.0 606
440.0 634
450.0 617
460.0 613
470.0 601
480.0 661
490.0 640
500.0 627
510.0 612
520.0 620
530.0 641
540.0 688
550.0 666
560.0 694
570.0 720
580.0 720
590.0 679
600.0 718
610.0 706
620.0 784
630.0 815
640.0 850
650.0 896
660.0 910
670.0 1057
680.0 1136
690.0 1168
700.0 1306
710.0 1524
720.0 1577
730.0 1761
740.0 1902
750.0 2021
760.0 2216
770.0 2313
780.0 2487
790.0 2653
800.0 2738
810.0 2899
820.0 2981
830.0 2953
840.0 2837
850.0 2747
860.0 2757
870.0 2612
880.0 2440
890.0 2238
900.0 2030
910.0 1877
920.0 1618
930.0 1450
940.0 1263
950.0 1072
960.0 895
970.0 734
980.0 577
990.0 467
1000.0 362
1010.0 265
1020.0 211
1030.0 176
1040.0 125
1050.0 90
1060.0 69
1070.0 35
1080.0 23
1090.0 17
1100.0 10
1110.0 11
1120.0 6
1130.0 5
1140.0 4
1150.0 4
1160.0 0
1170.0 1
1180.0 1
1190.0 0
1200.0 0
1210.0 0
1220.0 1
1230.0 0
1240.0 0
1250.0 0
1260.0 0
1270.0 0
1280.0 0
1290.0 0
1300.0 0
1310.0 0
1320.0 0
1330.0 0
1340.0 0
1350.0 0
1360.0 0
1370.0 0
1380.0 0
1390.0 0
1400.0 0
1410.0 0
1420.0 0
1430.0 0
1440.0 0
1450.0 0
1460.0 0
1470.0 0
1480.0 0
1490.0 0
