0.0 7
10.0 9
20.0 11
30.0 10
40.0 19
50.0 18
60.0 21
70.0 24
80.0 29
90.0 25
100.0 28
110.0 40
120.0 54
130.0 54
140.0 63
150.0 67
160.0 90
170.0 107
180.0 120
190.0 122
200.0 156
210.0 162
220.0 196
230.0 186
240.0 227
250.0 239
260.0 260
270.0 309
280.0 311
290.0 328
300.0 340
310.0 375
320.0 391
330.0 423
340.0 457
350.0 473
360.0 449
370.0 469
380.0 480
390.0 550
400.0 487
410.0 479
420.0 551
430.0 524
440.0 531
450.0 557
460.0 571
470.0 582
480.0 579
490.0 572
500.0 605
510.0 618
520.0 573
530.0 635
540.0 594
550.0 588
560.0 602
570.0 612
580.0 608
590.0 610
600.0 590
610.0 642
620.0 636
630.0 691
640.0 686
650.0 661
660.0 756
670.0 718
680.0 794
690.0 829
700.0 875
710.0 936
720.0 1034
730.0 1179
740.0 1217
750.0 1307
760.0 1442
770.0 1509
780.0 1680
790.0 1901
800.0 1990
810.0 2180
820.0 2416
830.0 2622
840.0 2702
850.0 2825
860.0 2955
870.0 3050
880.0 3086
890.0 2939
900.0 2826
910.0 2869
920.0 2632
930.0 2529
940.0 2371
950.0 2152
960.0 1879
970.0 1693
980.0 1458
990.0 1344
1000.0 1049
1010.0 955
1020.0 792
1030.0 595
1040.0 496
1050.0 397
1060.0 290
1070.0 214
1080.0 163
1090.0 145
1100.0 92
1110.0 53
1120.0 36
1130.0 29
1140.0 23
1150.0 16
1160.0 10
1170.0 4
1180.0 3
1190.0 4
1200.0 1
1210.0 1
1220.0 0
1230.0 1
1240.0 0
1250.0 0
1260.0 0
1270.0 0
1280.0 0
1290.0 0
1300.0 0
1310.0 0
1320.0 0
1330.0 0
1340.0 0
1350.0 0
1360.0 0
1370.0 0
1380.0 0
1390.0 0
1400.0 0
1410.0 0
1420.0 0
1430.0 0
1440.0 0
1450.0 0
1460.0 0
1470.0 0
1480.0 0
1490.0 0
