0.0 11
10.0 19
20.0 23
30.0 24
40.0 23
50.0 34
60.0 33
70.0 51
80.0 54
90.0 66
100.0 63
110.0 71
120.0 113
130.0 121
140.0 116
150.0 146
160.0 146
170.0 183
180.0 190
190.0 219
200.0 278
210.0 271
220.0 294
230.0 327
240.0 356
250.0 383
260.0 414
270.0 429
280.0 440
290.0 493
300.0 491
310.0 526
320.0 567
330.0 553
340.0 622
350.0 548
360.0 610
370.0 677
380.0 702
390.0 667
400.0 720
410.0 675
420.0 692
430.0 794
440.0 769
450.0 763
460.0 806
470.0 803
480.0 793
490.0 835
500.0 790
510.0 820
520.0 826
530.0 848
540.0 817
550.0 877
560.0 916
570.0 914
580.0 919
590.0 904
600.0 961
610.0 908
620.0 988
630.0 995
640.0 1001
650.0 1095
660.0 1173
670.0 1245
680.0 1296
690.0 1312
700.0 1442
710.0 1541
720.0 1687
730.0 1780
740.0 1876
750.0 1952
760.0 2186
770.0 2159
780.0 2373
790.0 2414
800.0 2474
810.0 2487
820.0 2446
830.0 2572
840.0 2459
850.0 2458
860.0 2287
870.0 2246
880.0 1989
890.0 1863
900.0 1668
910.0 1558
920.0 1365
930.0 1136
940.0 1016
950.0 818
960.0 684
970.0 579
980.0 454
990.0 365
1000.0 279
1010.0 237
1020.0 165
1030.0 140
1040.0 83
1050.0 56
1060.0 45
1070.0 31
1080.0 23
1090.0 15
1100.0 7
1110.0 5
1120.0 5
1130.0 4
1140.0 1
1150.0 0
1160.0 1
1170.0 1
1180.0 1
1190.0 0
1200.0 1
1210.0 0
1220.0 0
1230.0 0
1240.0 0
1250.0 0
1260.0 0
1270.0 0
1280.0 0
1290.0 0
1300.0 0
1310.0 0
1320.0 0
1330.0 0
1340.0 0
1350.0 0
1360.0 0
1370.0 0
1380.0 0
1390.0 0
1400.0 0
1410.0 0
1420.0 0
1430.0 0
1440.0 0
1450.0 0
1460.0 0
1470.0 0
1480.0 0
1490.0 0
