0.0 8
10.0 17
20.0 15
30.0 20
40.0 26
50.0 28
60.0 37
70.0 55
80.0 55
90.0 59
100.0 76
110.0 118
120.0 145
130.0 159
140.0 178
150.0 207
160.0 238
170.0 241
180.0 272
190.0 312
200.0 374
210.0 379
220.0 410
230.0 480
240.0 531
250.0 498
260.0 592
270.0 614
280.0 602
290.0 598
300.0 632
310.0 601
320.0 635
330.0 691
340.0 715
350.0 671
360.0 630
370.0 632
380.0 663
390.0 662
400.0 617
410.0 638
420.0 599
430.0 641
440.0 663
450.0 634
460.0 612
470.0 652
480.0 637
490.0 691
500.0 671
510.0 680
520.0 710
530.0 723
540.0 759
550.0 815
560.0 882
570.0 953
580.0 1000
590.0 1092
600.0 1179
610.0 1365
620.0 1384
630.0 1618
640.0 1828
650.0 1952
660.0 2092
670.0 2365
680.0 2388
690.0 2658
700.0 2810
710.0 2804
720.0 2868
730.0 2877
740.0 2928
750.0 2947
760.0 2834
770.0 2717
780.0 2515
790.0 2321
800.0 2219
810.0 1885
820.0 1689
830.0 1486
840.0 1262
850.0 1106
860.0 952
870.0 786
880.0 598
890.0 494
900.0 388
910.0 311
920.0 226
930.0 149
940.0 123
950.0 110
960.0 66
970.0 52
980.0 33
990.0 19
1000.0 18
1010.0 7
1020.0 5
1030.0 6
1040.0 2
1050.0 1
1060.0 3
1070.0 0
1080.0 1
1090.0 0
1100.0 0
1110.0 0
1120.0 0
1130.0 0
1140.0 0
1150.0 0
1160.0 0
1170.0 0
1180.0 0
1190.0 0
1200.0 0
1210.0 0
1220.0 0
1230.0 0
1240.0 0
1250.0 0
1260.0 0
1270.0 0
1280.0 0
1290.0 0
1300.0 0
1310.0 0
1320.0 0
1330.0 0
1340.0 0
1350.0 0
1360.0 0
1370.0 0
1380.0 0
1390.0 0
1400.0 0
1410.0 0
1420.0 0
1430.0 0
1440.0 0
1450.0 0
1460.0 0
1470.0 0
1480.0 0
1490.0 0
