0.0 186
10.0 208
20.0 249
30.0 318
40.0 393
50.0 435
60.0 538
70.0 614
80.0 688
90.0 775
100.0 881
110.0 912
120.0 1032
130.0 1131
140.0 1282
150.0 1267
160.0 1354
170.0 1494
180.0 1509
190.0 1521
200.0 1535
210.0 1497
220.0 1503
230.0 1518
240.0 1557
250.0 1514
260.0 1460
270.0 1537
280.0 1410
290.0 1390
300.0 1441
310.0 1404
320.0 1470
330.0 1490
340.0 1490
350.0 1435
360.0 1475
370.0 1612
380.0 1626
390.0 1641
400.0 1720
410.0 1766
420.0 1838
430.0 1834
440.0 1930
450.0 1932
460.0 1986
470.0 2039
480.0 1943
490.0 1930
500.0 1823
510.0 1688
520.0 1579
530.0 1527
540.0 1317
550.0 1155
560.0 1092
570.0 968
580.0 894
590.0 758
600.0 662
610.0 514
620.0 397
630.0 384
640.0 287
650.0 207
660.0 163
670.0 139
680.0 75
690.0 66
700.0 67
710.0 42
720.0 27
730.0 20
740.0 15
750.0 11
760.0 5
770.0 1
780.0 3
790.0 2
800.0 0
810.0 0
820.0 1
830.0 0
840.0 0
850.0 0
860.0 0
870.0 0
880.0 0
890.0 0
900.0 0
910.0 0
920.0 0
930.0 0
940.0 0
950.0 0
960.0 0
970.0 0
980.0 0
990.0 0
1000.0 0
1010.0 0
1020.0 0
1030.0 0
1040.0 0
1050.0 0
1060.0 0
1070.0 0
1080.0 0
1090.0 0
1100.0 0
1110.0 0
1120.0 0
1130.0 0
1140.0 0
1150.0 0
1160.0 0
1170.0 0
1180.0 0
1190.0 0
1200.0 0
1210.0 0
1220.0 0
1230.0 0
1240.0 0
1250.0 0
1260.0 0
1270.0 0
1280.0 0
1290.0 0
1300.0 0
1310.0 0
1320.0 0
1330.0 0
1340.0 0
1350.0 0
1360.0 0
1370.0 0
1380.0 0
1390.0 0
1400.0 0
1410.0 0
1420.0 0
1430.0 0
1440.0 0
1450.0 0
1460.0 0
1470.0 0
1480.0 0
1490.0 0
