0.0 55
10.0 70
20.0 80
30.0 92
40.0 122
50.0 163
60.0 199
70.0 224
80.0 242
90.0 277
100.0 329
110.0 385
120.0 398
130.0 474
140.0 563
150.0 595
160.0 673
170.0 742
180.0 786
190.0 826
200.0 839
210.0 900
220.0 916
230.0 976
240.0 1057
250.0 982
260.0 1019
270.0 1028
280.0 1032
290.0 1025
300.0 1054
310.0 933
320.0 920
330.0 957
340.0 945
350.0 920
360.0 949
370.0 959
380.0 941
390.0 988
400.0 1004
410.0 983
420.0 1129
430.0 1084
440.0 1158
450.0 1261
460.0 1328
470.0 1444
480.0 1521
490.0 1669
500.0 1732
510.0 1880
520.0 1935
530.0 2116
540.0 2161
550.0 2259
560.0 2290
570.0 2373
580.0 2353
590.0 2301
600.0 2350
610.0 2249
620.0 2050
630.0 1929
640.0 1900
650.0 1621
660.0 1481
670.0 1340
680.0 1160
690.0 986
700.0 855
710.0 704
720.0 635
730.0 450
740.0 376
750.0 248
760.0 229
770.0 171
780.0 107
790.0 91
800.0 91
810.0 36
820.0 42
830.0 17
840.0 18
850.0 10
860.0 5
870.0 6
880.0 4
890.0 1
900.0 1
910.0 0
920.0 1
930.0 0
940.0 0
950.0 1
960.0 1
970.0 0
980.0 0
990.0 0
1000.0 0
1010.0 0
1020.0 0
1030.0 0
1040.0 0
1050.0 0
1060.0 0
1070.0 0
1080.0 0
1090.0 0
1100.0 0
1110.0 0
1120.0 0
1130.0 0
1140.0 0
1150.0 0
1160.0 0
1170.0 0
1180.0 0
1190.0 0
1200.0 0
1210.0 0
1220.0 0
1230.0 0
1240.0 0
1250.0 0
1260.0 0
1270.0 0
1280.0 0
1290.0 0
1300.0 0
1310.0 0
1320.0 0
1330.0 0
1340.0 0
1350.0 0
1360.0 0
1370.0 0
1380.0 0
1390.0 0
1400.0 0
1410.0 0
1420.0 0
1430.0 0
1440.0 0
1450.0 0
1460.0 0
1470.0 0
1480.0 0
1490.0 0
