0.0 12
10.0 26
20.0 33
30.0 29
40.0 41
50.0 57
60.0 65
70.0 88
80.0 86
90.0 118
100.0 136
110.0 152
120.0 192
130.0 240
140.0 260
150.0 311
160.0 353
170.0 359
180.0 406
190.0 481
200.0 507
210.0 536
220.0 577
230.0 588
240.0 624
250.0 695
260.0 747
270.0 683
280.0 779
290.0 773
300.0 720
310.0 774
320.0 755
330.0 724
340.0 741
350.0 745
360.0 736
370.0 699
380.0 754
390.0 747
400.0 695
410.0 722
420.0 709
430.0 712
440.0 753
450.0 753
460.0 766
470.0 728
480.0 718
490.0 795
500.0 826
510.0 897
520.0 983
530.0 1032
540.0 1082
550.0 1189
560.0 1320
570.0 1429
580.0 1599
590.0 1660
600.0 1862
610.0 2089
620.0 2251
630.0 2397
640.0 2491
650.0 2613
660.0 2729
670.0 2718
680.0 2777
690.0 2812
700.0 2767
710.0 2613
720.0 2588
730.0 2220
740.0 2173
750.0 2001
760.0 1815
770.0 1635
780.0 1342
790.0 1216
800.0 1099
810.0 942
820.0 686
830.0 593
840.0 475
850.0 389
860.0 310
870.0 208
880.0 156
890.0 98
900.0 103
910.0 63
920.0 43
930.0 37
940.0 16
950.0 13
960.0 10
970.0 7
980.0 8
990.0 1
1000.0 3
1010.0 1
1020.0 1
1030.0 0
1040.0 0
1050.0 0
1060.0 1
1070.0 0
1080.0 0
1090.0 0
1100.0 0
1110.0 0
1120.0 0
1130.0 0
1140.0 0
1150.0 0
1160.0 0
1170.0 0
1180.0 0
1190.0 0
1200.0 0
1210.0 0
1220.0 0
1230.0 0
1240.0 0
1250.0 0
1260.0 0
1270.0 0
1280.0 0
1290.0 0
1300.0 0
1310.0 0
1320.0 0
1330.0 0
1340.0 0
1350.0 0
1360.0 0
1370.0 0
1380.0 0
1390.0 0
1400.0 0
1410.0 0
1420.0 0
1430.0 0
1440.0 0
1450.0 0
1460.0 0
1470.0 0
1480.0 0
1490.0 0
