0.0 8
10.0 17
20.0 20
30.0 19
40.0 20
50.0 33
60.0 31
70.0 45
80.0 45
90.0 61
100.0 78
110.0 91
120.0 88
130.0 95
140.0 140
150.0 139
160.0 180
170.0 177
180.0 192
190.0 248
200.0 279
210.0 300
220.0 312
230.0 338
240.0 370
250.0 399
260.0 458
270.0 461
280.0 506
290.0 542
300.0 572
310.0 558
320.0 579
330.0 573
340.0 605
350.0 575
360.0 636
370.0 624
380.0 643
390.0 668
400.0 627
410.0 585
420.0 616
430.0 676
440.0 660
450.0 618
460.0 610
470.0 625
480.0 653
490.0 645
500.0 675
510.0 634
520.0 627
530.0 675
540.0 688
550.0 715
560.0 666
570.0 722
580.0 767
590.0 738
600.0 813
610.0 926
620.0 1003
630.0 1051
640.0 1210
650.0 1264
660.0 1392
670.0 1519
680.0 1682
690.0 1879
700.0 2044
710.0 2206
720.0 2348
730.0 2502
740.0 2734
750.0 2665
760.0 2907
770.0 2876
780.0 2979
790.0 2907
800.0 2765
810.0 2760
820.0 2619
830.0 2496
840.0 2318
850.0 2170
860.0 1923
870.0 1663
880.0 1488
890.0 1252
900.0 1153
910.0 851
920.0 742
930.0 637
940.0 477
950.0 370
960.0 315
970.0 244
980.0 203
990.0 120
1000.0 101
1010.0 60
1020.0 51
1030.0 37
1040.0 27
1050.0 11
1060.0 10
1070.0 12
1080.0 6
1090.0 3
1100.0 2
1110.0 1
1120.0 1
1130.0 0
1140.0 2
1150.0 0
1160.0 0
1170.0 0
1180.0 0
1190.0 0
1200.0 0
1210.0 0
1220.0 0
1230.0 0
1240.0 0
1250.0 0
1260.0 0
1270.0 0
1280.0 0
1290.0 0
1300.0 0
1310.0 0
1320.0 0
1330.0 0
1340.0 0
1350.0 0
1360.0 0
1370.0 0
1380.0 0
1390.0 0
1400.0 0
1410.0 0
1420.0 0
1430.0 0
1440.0 0
1450.0 0
1460.0 0
1470.0 0
1480.0 0
1490.0 0
