0.0 211
10.0 247
20.0 270
30.0 359
40.0 448
50.0 480
60.0 586
70.0 739
80.0 694
90.0 846
100.0 938
110.0 1012
120.0 1101
130.0 1213
140.0 1318
150.0 1403
160.0 1415
170.0 1455
180.0 1507
190.0 1584
200.0 1592
210.0 1570
220.0 1541
230.0 1646
240.0 1618
250.0 1604
260.0 1506
270.0 1619
280.0 1482
290.0 1530
300.0 1480
310.0 1494
320.0 1481
330.0 1476
340.0 1542
350.0 1599
360.0 1537
370.0 1574
380.0 1600
390.0 1666
400.0 1727
410.0 1800
420.0 1845
430.0 1847
440.0 1889
450.0 1851
460.0 1852
470.0 1866
480.0 1876
490.0 1704
500.0 1674
510.0 1602
520.0 1432
530.0 1388
540.0 1221
550.0 1160
560.0 1033
570.0 871
580.0 773
590.0 647
600.0 491
610.0 406
620.0 345
630.0 290
640.0 252
650.0 169
660.0 129
670.0 105
680.0 91
690.0 51
700.0 43
710.0 25
720.0 17
730.0 13
740.0 11
750.0 8
760.0 5
770.0 5
780.0 1
790.0 1
800.0 1
810.0 1
820.0 1
830.0 0
840.0 0
850.0 0
860.0 0
870.0 0
880.0 0
890.0 0
900.0 0
910.0 0
920.0 0
930.0 0
940.0 0
950.0 0
960.0 0
970.0 0
980.0 0
990.0 0
1000.0 0
1010.0 0
1020.0 0
1030.0 0
1040.0 0
1050.0 0
1060.0 0
1070.0 0
1080.0 0
1090.0 0
1100.0 0
1110.0 0
1120.0 0
1130.0 0
1140.0 0
1150.0 0
1160.0 0
1170.0 0
1180.0 0
1190.0 0
1200.0 0
1210.0 0
1220.0 0
1230.0 0
1240.0 0
1250.0 0
1260.0 0
1270.0 0
1280.0 0
1290.0 0
1300.0 0
1310.0 0
1320.0 0
1330.0 0
1340.0 0
1350.0 0
1360.0 0
1370.0 0
1380.0 0
1390.0 0
1400.0 0
1410.0 0
1420.0 0
1430.0 0
1440.0 0
1450.0 0
1460.0 0
1470.0 0
1480.0 0
1490.0 0
