0.0 26
10.0 32
20.0 48
30.0 43
40.0 54
50.0 73
60.0 68
70.0 78
80.0 110
90.0 141
100.0 127
110.0 183
120.0 211
130.0 227
140.0 274
150.0 298
160.0 351
170.0 385
180.0 401
190.0 468
200.0 515
210.0 581
220.0 520
230.0 671
240.0 623
250.0 723
260.0 725
270.0 704
280.0 797
290.0 731
300.0 796
310.0 757
320.0 769
330.0 794
340.0 770
350.0 803
360.0 825
370.0 770
380.0 812
390.0 742
400.0 755
410.0 751
420.0 770
430.0 792
440.0 706
450.0 812
460.0 748
470.0 814
480.0 780
490.0 820
500.0 909
510.0 882
520.0 1025
530.0 1041
540.0 1143
550.0 1220
560.0 1359
570.0 1463
580.0 1565
590.0 1787
600.0 1910
610.0 1982
620.0 2271
630.0 2398
640.0 2516
650.0 2544
660.0 2579
670.0 2723
680.0 2746
690.0 2801
700.0 2604
710.0 2508
720.0 2465
730.0 2317
740.0 1981
750.0 1956
760.0 1758
770.0 1501
780.0 1427
790.0 1100
800.0 1000
810.0 796
820.0 712
830.0 545
840.0 460
850.0 312
860.0 251
870.0 172
880.0 164
890.0 124
900.0 82
910.0 60
920.0 52
930.0 38
940.0 16
950.0 17
960.0 13
970.0 7
980.0 1
990.0 2
1000.0 3
1010.0 1
1020.0 1
1030.0 0
1040.0 0
1050.0 0
1060.0 0
1070.0 0
1080.0 0
1090.0 0
1100.0 0
1110.0 0
1120.0 0
1130.0 0
1140.0 0
1150.0 0
1160.0 0
1170.0 0
1180.0 0
1190.0 0
1200.0 0
1210.0 0
1220.0 0
1230.0 0
1240.0 0
1250.0 0
1260.0 0
1270.0 0
1280.0 0
1290.0 0
1300.0 0
1310.0 0
1320.0 0
1330.0 0
1340.0 0
1350.0 0
1360.0 0
1370.0 0
1380.0 0
1390.0 0
1400.0 0
1410.0 0
1420.0 0
1430.0 0
1440.0 0
1450.0 0
1460.0 0
1470.0 0
1480.0 0
1490.0 0
