0.0 6
10.0 12
20.0 12
30.0 23
40.0 14
50.0 23
60.0 24
70.0 40
80.0 45
90.0 45
100.0 47
110.0 69
120.0 59
130.0 66
140.0 94
150.0 119
160.0 109
170.0 114
180.0 154
190.0 149
200.0 199
210.0 219
220.0 227
230.0 260
240.0 285
250.0 348
260.0 343
270.0 360
280.0 423
290.0 488
300.0 481
310.0 472
320.0 504
330.0 476
340.0 498
350.0 530
360.0 527
370.0 537
380.0 559
390.0 562
400.0 533
410.0 586
420.0 574
430.0 564
440.0 612
450.0 575
460.0 552
470.0 597
480.0 580
490.0 575
500.0 567
510.0 556
520.0 563
530.0 604
540.0 586
550.0 557
560.0 653
570.0 655
580.0 626
590.0 645
600.0 666
610.0 660
620.0 726
630.0 761
640.0 772
650.0 850
660.0 909
670.0 1006
680.0 1054
690.0 1131
700.0 1215
710.0 1338
720.0 1537
730.0 1709
740.0 1869
750.0 2068
760.0 2206
770.0 2362
780.0 2595
790.0 2746
800.0 2834
810.0 2959
820.0 3002
830.0 2989
840.0 3026
850.0 2893
860.0 2912
870.0 2721
880.0 2581
890.0 2367
900.0 2151
910.0 2001
920.0 1764
930.0 1549
940.0 1367
950.0 1146
960.0 896
970.0 802
980.0 612
990.0 475
1000.0 409
1010.0 314
1020.0 230
1030.0 170
1040.0 131
1050.0 90
1060.0 64
1070.0 39
1080.0 36
1090.0 24
1100.0 16
1110.0 9
1120.0 12
1130.0 4
1140.0 2
1150.0 2
1160.0 1
1170.0 1
1180.0 1
1190.0 0
1200.0 0
1210.0 0
1220.0 0
1230.0 0
1240.0 0
1250.0 0
1260.0 0
1270.0 0
1280.0 0
1290.0 0
1300.0 0
1310.0 0
1320.0 0
1330.0 0
1340.0 0
1350.0 0
1360.0 0
1370.0 0
1380.0 0
1390.0 0
1400.0 0
1410.0 0
1420.0 0
1430.0 0
1440.0 0
1450.0 0
1460.0 0
1470.0 0
1480.0 0
1490.0 0
