0.0 13
10.0 9
20.0 12
30.0 13
40.0 19
50.0 18
60.0 25
70.0 26
80.0 36
90.0 41
100.0 40
110.0 53
120.0 58
130.0 71
140.0 93
150.0 87
160.0 93
170.0 116
180.0 114
190.0 120
200.0 156
210.0 168
220.0 193
230.0 197
240.0 281
250.0 254
260.0 260
270.0 296
280.0 319
290.0 365
300.0 365
310.0 393
320.0 424
330.0 419
340.0 431
350.0 495
360.0 492
370.0 517
380.0 502
390.0 523
400.0 535
410.0 562
420.0 541
430.0 565
440.0 572
450.0 615
460.0 584
470.0 596
480.0 645
490.0 625
500.0 601
510.0 653
520.0 664
530.0 685
540.0 629
550.0 703
560.0 676
570.0 629
580.0 631
590.0 732
600.0 705
610.0 698
620.0 709
630.0 740
640.0 727
650.0 756
660.0 820
670.0 826
680.0 827
690.0 893
700.0 979
710.0 1000
720.0 1082
730.0 1182
740.0 1263
750.0 1341
760.0 1573
770.0 1574
780.0 1694
790.0 1883
800.0 2115
810.0 2271
820.0 2423
830.0 2506
840.0 2584
850.0 2736
860.0 2723
870.0 2856
880.0 2886
890.0 2836
900.0 2687
910.0 2679
920.0 2551
930.0 2344
940.0 2231
950.0 2054
960.0 1832
970.0 1585
980.0 1387
990.0 1148
1000.0 1000
1010.0 855
1020.0 706
1030.0 581
1040.0 406
1050.0 345
1060.0 248
1070.0 196
1080.0 154
1090.0 120
1100.0 95
1110.0 60
1120.0 43
1130.0 35
1140.0 19
1150.0 19
1160.0 7
1170.0 5
1180.0 1
1190.0 3
1200.0 1
1210.0 0
1220.0 1
1230.0 0
1240.0 0
1250.0 0
1260.0 0
1270.0 0
1280.0 0
1290.0 0
1300.0 0
1310.0 0
1320.0 0
1330.0 0
1340.0 0
1350.0 0
1360.0 0
1370.0 0
1380.0 0
1390.0 0
1400.0 0
1410.0 0
1420.0 0
1430.0 0
1440.0 0
1450.0 0
1460.0 0
1470.0 0
1480.0 0
1490.0 0
