0.0 53
10.0 60
20.0 54
30.0 100
40.0 98
50.0 116
60.0 178
70.0 176
80.0 215
90.0 261
100.0 279
110.0 320
120.0 357
130.0 401
140.0 471
150.0 506
160.0 544
170.0 608
180.0 627
190.0 678
200.0 764
210.0 802
220.0 862
230.0 869
240.0 904
250.0 875
260.0 938
270.0 943
280.0 1008
290.0 960
300.0 1053
310.0 963
320.0 1007
330.0 978
340.0 998
350.0 1021
360.0 1007
370.0 1035
380.0 1088
390.0 1042
400.0 1022
410.0 1049
420.0 1054
430.0 1120
440.0 1107
450.0 1139
460.0 1188
470.0 1200
480.0 1235
490.0 1294
500.0 1438
510.0 1426
520.0 1569
530.0 1590
540.0 1712
550.0 1888
560.0 1952
570.0 2016
580.0 2180
590.0 2143
600.0 2327
610.0 2220
620.0 2283
630.0 2283
640.0 2157
650.0 2075
660.0 2029
670.0 1920
680.0 1796
690.0 1554
700.0 1570
710.0 1361
720.0 1137
730.0 1023
740.0 875
750.0 701
760.0 602
770.0 472
780.0 408
790.0 286
800.0 237
810.0 193
820.0 123
830.0 119
840.0 91
850.0 52
860.0 44
870.0 26
880.0 29
890.0 15
900.0 8
910.0 10
920.0 4
930.0 4
940.0 4
950.0 0
960.0 2
970.0 0
980.0 2
990.0 0
1000.0 0
1010.0 0
1020.0 0
1030.0 0
1040.0 0
1050.0 0
1060.0 0
1070.0 0
1080.0 0
1090.0 0
1100.0 0
1110.0 0
1120.0 0
1130.0 0
1140.0 0
1150.0 0
1160.0 0
1170.0 0
1180.0 0
1190.0 0
1200.0 0
1210.0 0
1220.0 0
1230.0 0
1240.0 0
1250.0 0
1260.0 0
1270.0 0
1280.0 0
1290.0 0
1300.0 0
1310.0 0
1320.0 0
1330.0 0
1340.0 0
1350.0 0
1360.0 0
1370.0 0
1380.0 0
1390.0 0
1400.0 0
1410.0 0
1420.0 0
1430.0 0
1440.0 0
1450.0 0
1460.0 0
1470.0 0
1480.0 0
1490.0 0
