0.0 26
10.0 55
20.0 62
30.0 57
40.0 98
50.0 90
60.0 121
70.0 129
80.0 176
90.0 186
100.0 232
110.0 264
120.0 332
130.0 386
140.0 443
150.0 453
160.0 523
170.0 560
180.0 584
190.0 635
200.0 660
210.0 737
220.0 781
230.0 842
240.0 854
250.0 827
260.0 866
270.0 903
280.0 898
290.0 905
300.0 890
310.0 879
320.0 890
330.0 893
340.0 859
350.0 926
360.0 838
370.0 911
380.0 930
390.0 872
400.0 914
410.0 937
420.0 948
430.0 932
440.0 999
450.0 1026
460.0 1069
470.0 1055
480.0 1206
490.0 1217
500.0 1293
510.0 1325
520.0 1469
530.0 1594
540.0 1645
550.0 1835
560.0 1941
570.0 2122
580.0 2183
590.0 2363
600.0 2378
610.0 2401
620.0 2523
630.0 2468
640.0 2441
650.0 2372
660.0 2122
670.0 2243
680.0 2065
690.0 1871
700.0 1721
710.0 1582
720.0 1339
730.0 1177
740.0 1042
750.0 877
760.0 701
770.0 632
780.0 488
790.0 387
800.0 282
810.0 233
820.0 175
830.0 125
840.0 119
850.0 79
860.0 47
870.0 45
880.0 21
890.0 15
900.0 9
910.0 13
920.0 7
930.0 3
940.0 0
950.0 1
960.0 0
970.0 2
980.0 0
990.0 0
1000.0 0
1010.0 0
1020.0 0
1030.0 0
1040.0 0
1050.0 0
1060.0 0
1070.0 0
1080.0 0
1090.0 0
1100.0 0
1110.0 0
1120.0 0
1130.0 0
1140.0 0
1150.0 0
1160.0 0
1170.0 0
1180.0 0
1190.0 0
1200.0 0
1210.0 0
1220.0 0
1230.0 0
1240.0 0
1250.0 0
1260.0 0
1270.0 0
1280.0 0
1290.0 0
1300.0 0
1310.0 0
1320.0 0
1330.0 0
1340.0 0
1350.0 0
1360.0 0
1370.0 0
1380.0 0
1390.0 0
1400.0 0
1410.0 0
1420.0 0
1430.0 0
1440.0 0
1450.0 0
1460.0 0
1470.0 0
1480.0 0
1490.0 0
