0.0 26
10.0 31
20.0 37
30.0 68
40.0 69
50.0 80
60.0 89
70.0 127
80.0 150
90.0 170
100.0 172
110.0 215
120.0 258
130.0 292
140.0 328
150.0 350
160.0 398
170.0 442
180.0 481
190.0 519
200.0 581
210.0 580
220.0 655
230.0 719
240.0 746
250.0 742
260.0 764
270.0 816
280.0 819
290.0 862
300.0 882
310.0 890
320.0 884
330.0 827
340.0 934
350.0 876
360.0 898
370.0 903
380.0 937
390.0 904
400.0 937
410.0 952
420.0 943
430.0 954
440.0 1018
450.0 1009
460.0 1050
470.0 992
480.0 1047
490.0 1065
500.0 1101
510.0 1145
520.0 1182
530.0 1285
540.0 1356
550.0 1396
560.0 1498
570.0 1559
580.0 1756
590.0 1804
600.0 1890
610.0 1948
620.0 2102
630.0 2156
640.0 2280
650.0 2312
660.0 2385
670.0 2372
680.0 2385
690.0 2476
700.0 2239
710.0 2102
720.0 2024
730.0 1930
740.0 1820
750.0 1580
760.0 1369
770.0 1215
780.0 1119
790.0 942
800.0 753
810.0 658
820.0 524
830.0 500
840.0 357
850.0 248
860.0 196
870.0 174
880.0 135
890.0 79
900.0 69
910.0 43
920.0 36
930.0 20
940.0 10
950.0 10
960.0 7
970.0 3
980.0 2
990.0 4
1000.0 1
1010.0 0
1020.0 0
1030.0 1
1040.0 0
1050.0 1
1060.0 1
1070.0 0
1080.0 0
1090.0 0
1100.0 0
1110.0 0
1120.0 0
1130.0 0
1140.0 0
1150.0 0
1160.0 0
1170.0 0
1180.0 0
1190.0 0
1200.0 0
1210.0 0
1220.0 0
1230.0 0
1240.0 0
1250.0 0
1260.0 0
1270.0 0
1280.0 0
1290.0 0
1300.0 0
1310.0 0
1320.0 0
1330.0 0
1340.0 0
1350.0 0
1360.0 0
1370.0 0
1380.0 0
1390.0 0
1400.0 0
1410.0 0
1420.0 0
1430.0 0
1440.0 0
1450.0 0
1460.0 0
1470.0 0
1480.0 0
1490.0 0
