0.0 17
10.0 29
20.0 44
30.0 55
40.0 57
50.0 76
60.0 97
70.0 94
80.0 129
90.0 165
100.0 174
110.0 196
120.0 259
130.0 246
140.0 298
150.0 346
160.0 374
170.0 452
180.0 450
190.0 518
200.0 514
210.0 563
220.0 644
230.0 646
240.0 720
250.0 717
260.0 742
270.0 789
280.0 800
290.0 798
300.0 792
310.0 834
320.0 828
330.0 859
340.0 870
350.0 881
360.0 856
370.0 813
380.0 827
390.0 843
400.0 897
410.0 885
420.0 891
430.0 892
440.0 909
450.0 910
460.0 913
470.0 927
480.0 973
490.0 974
500.0 1049
510.0 1123
520.0 1134
530.0 1214
540.0 1177
550.0 1427
560.0 1491
570.0 1512
580.0 1659
590.0 1759
600.0 1969
610.0 2060
620.0 2201
630.0 2257
640.0 2380
650.0 2397
660.0 2538
670.0 2411
680.0 2497
690.0 2477
700.0 2514
710.0 2311
720.0 2131
730.0 2034
740.0 1852
750.0 1625
760.0 1477
770.0 1428
780.0 1182
790.0 1040
800.0 825
810.0 718
820.0 620
830.0 469
840.0 388
850.0 284
860.0 246
870.0 169
880.0 132
890.0 89
900.0 72
910.0 55
920.0 33
930.0 20
940.0 10
950.0 11
960.0 9
970.0 3
980.0 1
990.0 3
1000.0 2
1010.0 1
1020.0 1
1030.0 0
1040.0 0
1050.0 0
1060.0 0
1070.0 0
1080.0 0
1090.0 0
1100.0 0
1110.0 0
1120.0 0
1130.0 0
1140.0 0
1150.0 0
1160.0 0
1170.0 0
1180.0 0
1190.0 0
1200.0 0
1210.0 0
1220.0 0
1230.0 0
1240.0 0
1250.0 0
1260.0 0
1270.0 0
1280.0 0
1290.0 0
1300.0 0
1310.0 0
1320.0 0
1330.0 0
1340.0 0
1350.0 0
1360.0 0
1370.0 0
1380.0 0
1390.0 0
1400.0 0
1410.0 0
1420.0 0
1430.0 0
1440.0 0
1450.0 0
1460.0 0
1470.0 0
1480.0 0
1490.0 0
