0.0 13
10.0 19
20.0 13
30.0 24
40.0 24
50.0 29
60.0 38
70.0 47
80.0 39
90.0 54
100.0 75
110.0 85
120.0 77
130.0 105
140.0 111
150.0 136
160.0 177
170.0 173
180.0 195
190.0 240
200.0 267
210.0 312
220.0 314
230.0 327
240.0 313
250.0 400
260.0 419
270.0 463
280.0 436
290.0 457
300.0 513
310.0 543
320.0 526
330.0 617
340.0 568
350.0 615
360.0 649
370.0 675
380.0 654
390.0 724
400.0 694
410.0 678
420.0 717
430.0 720
440.0 780
450.0 795
460.0 740
470.0 770
480.0 784
490.0 819
500.0 843
510.0 824
520.0 813
530.0 860
540.0 830
550.0 903
560.0 863
570.0 872
580.0 947
590.0 955
600.0 911
610.0 926
620.0 1031
630.0 1066
640.0 1050
650.0 1129
660.0 1159
670.0 1241
680.0 1262
690.0 1332
700.0 1434
710.0 1561
720.0 1704
730.0 1758
740.0 1946
750.0 2077
760.0 2086
770.0 2207
780.0 2435
790.0 2450
800.0 2459
810.0 2602
820.0 2511
830.0 2487
840.0 2356
850.0 2347
860.0 2339
870.0 2141
880.0 2025
890.0 1716
900.0 1686
910.0 1540
920.0 1290
930.0 1123
940.0 1004
950.0 863
960.0 721
970.0 520
980.0 458
990.0 335
1000.0 273
1010.0 217
1020.0 171
1030.0 112
1040.0 77
1050.0 68
1060.0 56
1070.0 44
1080.0 26
1090.0 17
1100.0 12
1110.0 3
1120.0 5
1130.0 3
1140.0 1
1150.0 1
1160.0 0
1170.0 0
1180.0 0
1190.0 0
1200.0 1
1210.0 0
1220.0 0
1230.0 0
1240.0 0
1250.0 0
1260.0 0
1270.0 0
1280.0 0
1290.0 0
1300.0 0
1310.0 0
1320.0 0
1330.0 0
1340.0 0
1350.0 0
1360.0 0
1370.0 0
1380.0 0
1390.0 0
1400.0 0
1410.0 0
1420.0 0
1430.0 0
1440.0 0
1450.0 0
1460.0 0
1470.0 0
1480.0 0
1490.0 0
