0.0 12
10.0 6
20.0 7
30.0 12
40.0 13
50.0 13
60.0 14
70.0 16
80.0 18
90.0 32
100.0 33
110.0 29
120.0 31
130.0 46
140.0 51
150.0 59
160.0 72
170.0 95
180.0 105
190.0 122
200.0 136
210.0 124
220.0 151
230.0 181
240.0 204
250.0 228
260.0 259
270.0 286
280.0 307
290.0 317
300.0 343
310.0 341
320.0 352
330.0 408
340.0 376
350.0 424
360.0 445
370.0 458
380.0 428
390.0 467
400.0 489
410.0 511
420.0 456
430.0 470
440.0 474
450.0 495
460.0 466
470.0 492
480.0 496
490.0 468
500.0 529
510.0 505
520.0 507
530.0 538
540.0 489
550.0 504
560.0 524
570.0 505
580.0 506
590.0 509
600.0 550
610.0 537
620.0 542
630.0 539
640.0 546
650.0 593
660.0 587
670.0 630
680.0 640
690.0 724
700.0 725
710.0 811
720.0 903
730.0 1002
740.0 1091
750.0 1206
760.0 1371
770.0 1482
780.0 1712
790.0 1846
800.0 2051
810.0 2304
820.0 2437
830.0 2661
840.0 2778
850.0 2987
860.0 3130
870.0 3102
880.0 3336
890.0 3207
900.0 3149
910.0 3016
920.0 2930
930.0 2789
940.0 2593
950.0 2432
960.0 2098
970.0 2021
980.0 1697
990.0 1394
1000.0 1278
1010.0 975
1020.0 835
1030.0 699
1040.0 538
1050.0 421
1060.0 362
1070.0 262
1080.0 170
1090.0 153
1100.0 110
1110.0 79
1120.0 49
1130.0 48
1140.0 23
1150.0 17
1160.0 14
1170.0 6
1180.0 5
1190.0 2
1200.0 0
1210.0 1
1220.0 4
1230.0 0
1240.0 0
1250.0 0
1260.0 0
1270.0 0
1280.0 0
1290.0 0
1300.0 0
1310.0 0
1320.0 0
1330.0 0
1340.0 0
1350.0 0
1360.0 0
1370.0 0
1380.0 0
1390.0 0
1400.0 0
1410.0 0
1420.0 0
1430.0 0
1440.0 0
1450.0 0
1460.0 0
1470.0 0
1480.0 0
1490.0 0
