0.0 47
10.0 52
20.0 67
30.0 94
40.0 94
50.0 141
60.0 168
70.0 183
80.0 239
90.0 277
100.0 317
110.0 373
120.0 424
130.0 499
140.0 532
150.0 622
160.0 630
170.0 736
180.0 796
190.0 817
200.0 868
210.0 911
220.0 958
230.0 937
240.0 1037
250.0 915
260.0 1028
270.0 1019
280.0 927
290.0 942
300.0 986
310.0 1015
320.0 899
330.0 954
340.0 931
350.0 905
360.0 844
370.0 880
380.0 871
390.0 932
400.0 904
410.0 1007
420.0 1029
430.0 1093
440.0 1101
450.0 1209
460.0 1327
470.0 1363
480.0 1516
490.0 1637
500.0 1745
510.0 1932
520.0 2064
530.0 2150
540.0 2236
550.0 2206
560.0 2303
570.0 2469
580.0 2407
590.0 2371
600.0 2330
610.0 2358
620.0 2147
630.0 2015
640.0 1808
650.0 1724
660.0 1585
670.0 1332
680.0 1159
690.0 1066
700.0 866
710.0 759
720.0 627
730.0 476
740.0 392
750.0 321
760.0 248
770.0 173
780.0 138
790.0 111
800.0 63
810.0 71
820.0 33
830.0 30
840.0 16
850.0 7
860.0 4
870.0 5
880.0 3
890.0 3
900.0 2
910.0 1
920.0 0
930.0 0
940.0 0
950.0 0
960.0 0
970.0 0
980.0 0
990.0 0
1000.0 0
1010.0 0
1020.0 0
1030.0 0
1040.0 0
1050.0 0
1060.0 0
1070.0 0
1080.0 0
1090.0 0
1100.0 0
1110.0 0
1120.0 0
1130.0 0
1140.0 0
1150.0 0
1160.0 0
1170.0 0
1180.0 0
1190.0 0
1200.0 0
1210.0 0
1220.0 0
1230.0 0
1240.0 0
1250.0 0
1260.0 0
1270.0 0
1280.0 0
1290.0 0
1300.0 0
1310.0 0
1320.0 0
1330.0 0
1340.0 0
1350.0 0
1360.0 0
1370.0 0
1380.0 0
1390.0 0
1400.0 0
1410.0 0
1420.0 0
1430.0 0
1440.0 0
1450.0 0
1460.0 0
1470.0 0
1480.0 0
1490.0 0
