0.0 9
10.0 12
20.0 13
30.0 20
40.0 19
50.0 29
60.0 36
70.0 36
80.0 44
90.0 58
100.0 57
110.0 92
120.0 81
130.0 106
140.0 86
150.0 129
160.0 131
170.0 167
180.0 186
190.0 205
200.0 240
210.0 265
220.0 288
230.0 317
240.0 339
250.0 386
260.0 399
270.0 444
280.0 464
290.0 452
300.0 506
310.0 533
320.0 502
330.0 571
340.0 568
350.0 595
360.0 616
370.0 627
380.0 654
390.0 622
400.0 614
410.0 741
420.0 678
430.0 769
440.0 746
450.0 725
460.0 741
470.0 768
480.0 805
490.0 809
500.0 787
510.0 832
520.0 821
530.0 777
540.0 812
550.0 802
560.0 828
570.0 807
580.0 857
590.0 897
600.0 852
610.0 929
620.0 960
630.0 975
640.0 1049
650.0 1085
660.0 1119
670.0 1145
680.0 1236
690.0 1274
700.0 1464
710.0 1487
720.0 1639
730.0 1735
740.0 1901
750.0 2010
760.0 2161
770.0 2279
780.0 2301
790.0 2524
800.0 2611
810.0 2550
820.0 2645
830.0 2516
840.0 2536
850.0 2550
860.0 2412
870.0 2193
880.0 2077
890.0 2006
900.0 1821
910.0 1546
920.0 1372
930.0 1230
940.0 1038
950.0 844
960.0 772
970.0 568
980.0 474
990.0 407
1000.0 289
1010.0 236
1020.0 208
1030.0 149
1040.0 111
1050.0 71
1060.0 54
1070.0 39
1080.0 29
1090.0 14
1100.0 13
1110.0 3
1120.0 3
1130.0 4
1140.0 3
1150.0 1
1160.0 1
1170.0 0
1180.0 0
1190.0 1
1200.0 0
1210.0 0
1220.0 0
1230.0 0
1240.0 0
1250.0 0
1260.0 0
1270.0 0
1280.0 0
1290.0 0
1300.0 0
1310.0 0
1320.0 0
1330.0 0
1340.0 0
1350.0 0
1360.0 0
1370.0 0
1380.0 0
1390.0 0
1400.0 0
1410.0 0
1420.0 0
1430.0 0
1440.0 0
1450.0 0
1460.0 0
1470.0 0
1480.0 0
1490.0 0
