0.0 4
10.0 15
20.0 6
30.0 20
40.0 20
50.0 25
60.0 26
70.0 29
80.0 28
90.0 37
100.0 43
110.0 62
120.0 66
130.0 71
140.0 86
150.0 104
160.0 121
170.0 126
180.0 166
190.0 173
200.0 180
210.0 201
220.0 241
230.0 243
240.0 301
250.0 299
260.0 355
270.0 390
280.0 410
290.0 399
300.0 437
310.0 467
320.0 464
330.0 569
340.0 513
350.0 516
360.0 582
370.0 584
380.0 561
390.0 579
400.0 555
410.0 551
420.0 626
430.0 592
440.0 553
450.0 600
460.0 654
470.0 560
480.0 562
490.0 581
500.0 603
510.0 580
520.0 584
530.0 608
540.0 596
550.0 582
560.0 598
570.0 593
580.0 608
590.0 669
600.0 671
610.0 652
620.0 691
630.0 704
640.0 765
650.0 838
660.0 842
670.0 885
680.0 994
690.0 1115
700.0 1265
710.0 1426
720.0 1562
730.0 1732
740.0 1896
750.0 2064
760.0 2278
770.0 2370
780.0 2514
790.0 2658
800.0 2886
810.0 2926
820.0 2995
830.0 3000
840.0 2968
850.0 3085
860.0 2843
870.0 2655
880.0 2566
890.0 2357
900.0 2181
910.0 2066
920.0 1759
930.0 1588
940.0 1336
950.0 1120
960.0 947
970.0 762
980.0 629
990.0 511
1000.0 430
1010.0 310
1020.0 242
1030.0 184
1040.0 128
1050.0 85
1060.0 58
1070.0 40
1080.0 27
1090.0 18
1100.0 21
1110.0 12
1120.0 9
1130.0 5
1140.0 3
1150.0 4
1160.0 0
1170.0 0
1180.0 1
1190.0 0
1200.0 0
1210.0 1
1220.0 0
1230.0 0
1240.0 0
1250.0 0
1260.0 0
1270.0 0
1280.0 0
1290.0 0
1300.0 0
1310.0 0
1320.0 0
1330.0 0
1340.0 0
1350.0 0
1360.0 0
1370.0 0
1380.0 0
1390.0 0
1400.0 0
1410.0 0
1420.0 0
1430.0 0
1440.0 0
1450.0 0
1460.0 0
1470.0 0
1480.0 0
1490.0 0
