0.0 81
10.0 108
20.0 82
30.0 144
40.0 181
50.0 224
60.0 250
70.0 331
80.0 364
90.0 432
100.0 455
110.0 567
120.0 613
130.0 678
140.0 802
150.0 777
160.0 876
170.0 983
180.0 1028
190.0 1100
200.0 1110
210.0 1113
220.0 1170
230.0 1171
240.0 1129
250.0 1112
260.0 1161
270.0 1116
280.0 1104
290.0 1114
300.0 1095
310.0 1048
320.0 1013
330.0 995
340.0 1019
350.0 1105
360.0 1033
370.0 1071
380.0 1177
390.0 1140
400.0 1200
410.0 1339
420.0 1324
430.0 1483
440.0 1602
450.0 1613
460.0 1689
470.0 1872
480.0 1897
490.0 2071
500.0 1989
510.0 2105
520.0 2181
530.0 2275
540.0 2156
550.0 2071
560.0 2030
570.0 1940
580.0 1765
590.0 1645
600.0 1572
610.0 1422
620.0 1246
630.0 1114
640.0 968
650.0 718
660.0 681
670.0 488
680.0 441
690.0 320
700.0 273
710.0 219
720.0 162
730.0 120
740.0 98
750.0 66
760.0 52
770.0 32
780.0 30
790.0 20
800.0 9
810.0 8
820.0 5
830.0 5
840.0 2
850.0 0
860.0 2
870.0 0
880.0 1
890.0 1
900.0 0
910.0 0
920.0 0
930.0 0
940.0 0
950.0 0
960.0 0
970.0 0
980.0 0
990.0 0
1000.0 0
1010.0 0
1020.0 0
1030.0 0
1040.0 0
1050.0 0
1060.0 0
1070.0 0
1080.0 0
1090.0 0
1100.0 0
1110.0 0
1120.0 0
1130.0 0
1140.0 0
1150.0 0
1160.0 0
1170.0 0
1180.0 0
1190.0 0
1200.0 0
1210.0 0
1220.0 0
1230.0 0
1240.0 0
1250.0 0
1260.0 0
1270.0 0
1280.0 0
1290.0 0
1300.0 0
1310.0 0
1320.0 0
1330.0 0
1340.0 0
1350.0 0
1360.0 0
1370.0 0
1380.0 0
1390.0 0
1400.0 0
1410.0 0
1420.0 0
1430.0 0
1440.0 0
1450.0 0
1460.0 0
1470.0 0
1480.0 0
1490.0 0
