0 0.0
10 0.0
20 0.0
30 0.0
40 0.0
50 0.0
60 0.0
70 0.0
80 0.0
90 0.0
100 0.0
110 0.0
120 0.0
130 0.0
140 0.0
150 0.0
160 0.0
170 0.0
180 0.0
190 0.0
200 -1.0755310171290735
210 2.098507755305748
220 1.417952626305568
230 -0.4687596669906469
240 4.000092592977361
250 -0.1895448398735981
260 3.0334274740245877
270 -0.5342040751529329
280 1.4869732133950473
290 0.03856738616836819
300 0.9147802983188522
310 2.6807372128051634
320 0.7350425537660161
330 0.9160849885143032
340 1.3779355867603826
350 0.6446806970756027
360 -0.09865028669937563
370 0.8706100391904545
380 0.9981955453391298
390 0.9437015907299728
400 0.6416643141244065
410 0.9981239820029151
420 0.45894700844920455
430 0.5614770313015304
440 0.37604070948762935
450 0.7202777727870224
460 0.16334048794545503
470 0.5406723296659011
480 0.4692868365057615
490 0.3490637538794428
500 0.48492734167891605
510 0.3866576281610832
520 0.47092634741529615
530 0.5192221130815149
540 0.4702883113249992
550 0.39928817806334393
560 0.4625889718443487
570 0.5438371430925635
580 0.4404720477457631
590 0.45778415483266954
600 0.46778207391073545
610 0.4495070022577087
620 0.4455422096605435
630 0.43611284725199506
640 0.4820010582441178
650 0.5133374936279935
660 0.5182778534393176
670 0.5689774994437462
680 0.6341249925956899
690 0.6468280539186892
700 0.6534913793007517
710 0.6766742513075835
720 0.688362202033044
730 0.7106654088039445
740 0.7482622120397914
750 0.7688749844475242
760 0.7919541182827485
770 0.8305723778773467
780 0.8512590823869591
790 0.8900235303916982
800 0.9169160596265373
810 0.9478080080937068
820 0.959992439640951
830 0.9659788906738815
840 0.9904626442423601
850 0.9944939372730859
860 0.9981708597301541
870 0.9928159009177915
880 0.9682795512690539
890 0.9437950234556198
900 0.9134455309505409
910 0.8660618524160789
920 0.8236076386040609
930 0.7756383896115324
940 0.7325864234600916
950 0.6837134412427891
960 0.6256636979610162
970 0.5805405915637541
980 0.5304395092827527
990 0.4754659700779207
1000 0.4314917791059314
1010 0.3883637738487751
1020 0.3432872854674772
1030 0.3096687577967406
1040 0.27398155053256734
1050 0.24256445140753827
1060 0.22040149076975785
1070 0.19194264373243586
1080 0.16493885177053413
1090 0.1458632005635412
1100 0.1317637913897799
1110 0.11691445990496205
1120 0.09946123994464393
1130 0.08604436553528019
1140 0.07657139778122073
1150 0.0680604244257024
1160 0.059522482856885106
1170 0.05052332409817019
1180 0.044810834645754596
1190 0.04082535353886825
1200 0.034440467803963405
1210 0.030307076460298604
1220 0.02835051159798374
1230 0.025363101404085833
1240 0.021333078747248407
1250 0.019365268448698545
1260 0.01767609596276047
1270 0.015249171239380643
1280 0.013768288818682115
1290 0.012486819203454185
1300 0.011310762661090176
1310 0.01060752152232412
1320 0.008665548211236206
1330 0.008803580245356511
1340 0.008719238551824654
1350 0.006734610332292759
1360 0.006700757275137741
1370 0.006297985079204379
1380 0.006041391585472465
1390 0.006655089296801612
1400 0.0057555159542495675
1410 0.004413597552815745
1420 0.003936137364649851
1430 0.004193657011640426
1440 0.0034440166938713773
1450 0.0038061299799489463
1460 0.004210087171026262
1470 0.0035993122971456947
1480 0.0033379990503622347
