0 0.0
10 0.0
20 0.0
30 0.0
40 0.0
50 0.0
60 0.0
70 0.0
80 0.0
90 0.0
100 0.0
110 0.0
120 0.0
130 0.0
140 0.0
150 0.0
160 0.0
170 0.0
180 0.0
190 0.0
200 0.0
210 0.0
220 0.0
230 0.0
240 0.0
250 0.0
260 0.0
270 0.0
280 0.0
290 0.0
300 1.4712762421849583
310 1.1156758143428278
320 1.6485806037975768
330 1.533983069948165
340 1.276187581446454
350 1.361997595156915
360 1.3282873100384427
370 1.1982841504290918
380 1.15536610316946
390 1.0732705127499977
400 1.1007908125254184
410 1.0886964742485994
420 1.0319803953374238
430 0.9957976623513108
440 0.9825567891498171
450 1.0289252885197522
460 1.0224887221491195
470 0.9782465650057
480 0.9685899903249029
490 1.000039034448775
500 0.9755868694171639
510 0.9697000243826965
520 0.9807040661185162
530 0.9738652625862404
540 0.9745940098258548
550 0.9331823676798048
560 1.0117087275589767
570 1.0018256667804317
580 1.0033855981304487
590 0.9935121943534071
600 0.9757545558431292
610 0.8764165881245125
620 1.0119177513452762
630 0.9795488126114072
640 0.9542210830358562
650 0.9338043173971177
660 0.91399082374058
670 0.8944351822848071
680 0.8649296582161035
690 0.8472376914145476
700 0.8090048851079825
710 0.7749644382987537
720 0.738932476721435
730 0.6984358956412344
740 0.6569792621248111
750 0.6134976976495986
760 0.5697232504131784
770 0.5247978931454607
780 0.47995953634833377
790 0.4358683353834703
800 0.3949890490165475
810 0.35429741573263873
820 0.31721678735498304
830 0.28235372195937275
840 0.2517792430465532
850 0.22438142199985284
860 0.20118468772525144
870 0.1791519088555296
880 0.15819866250953812
890 0.14295469388063506
900 0.12712267762829563
910 0.1162610201325831
920 0.10709926080533072
930 0.09694962272968079
940 0.08872973863296817
950 0.08066513843098179
960 0.07441922013235214
970 0.07042981389900664
980 0.06511156606959183
990 0.05969249500952299
1000 0.05576911969990033
1010 0.053763312283350725
1020 0.05110419213626133
1030 0.04862929038764994
1040 0.044406121612513325
1050 0.04105422860344894
1060 0.040405782191232864
1070 0.03787723484795982
1080 0.03564797978779078
1090 0.03467981313886449
1100 0.033474098976763234
1110 0.033183086333594645
1120 0.03203237202755119
1130 0.0300120477553438
1140 0.029428010801075336
1150 0.02857641236487999
1160 0.02719453114888692
1170 0.025562415584930682
1180 0.025129038178920197
1190 0.024077509134292352
1200 0.02418970176728352
1210 0.022726296085860114
1220 0.021701679135745156
1230 0.020636085585567236
1240 0.018664484383834716
1250 0.018821062382665784
1260 0.018630770851165976
1270 0.01822945350531309
1280 0.018046315939717582
1290 0.01682365178419771
1300 0.016004890021410124
1310 0.015738269930003847
1320 0.014525404171937324
1330 0.014774102186611737
1340 0.012981254477056583
1350 0.011889834518957408
1360 0.012392060482894986
1370 0.0120845791663301
1380 0.011157142356113758
1390 0.011338380780897252
1400 0.010097626192173081
1410 0.009091128082595391
1420 0.009471421338989369
1430 0.008658037601983512
1440 0.008295119150591878
1450 0.010111040487903107
1460 0.00915421232052598
1470 0.007582478937048401
1480 0.006659856186089814
