0 0.0
10 0.0
20 0.0
30 0.0
40 0.0
50 0.0
60 0.0
70 0.0
80 0.0
90 0.0
100 0.0
110 0.0
120 0.0
130 0.0
140 0.0
150 0.0
160 0.0
170 0.0
180 0.0
190 0.0
200 0.0
210 0.0
220 0.0
230 0.0
240 0.0
250 0.0
260 0.0
270 0.0
280 0.0
290 0.0
300 1.3706643831829959
310 1.391361108388338
320 1.6400252303928233
330 1.0297000432316359
340 1.087541048310344
350 1.111675667932751
360 0.7723203820679652
370 1.2310796672168218
380 0.9726655046522547
390 1.0730128359722029
400 0.9484262689350955
410 0.9897940403389381
420 0.973782042000007
430 0.8928563513598965
440 0.9324443874538098
450 0.9532302351093692
460 0.8616016769126198
470 0.967042799379615
480 0.9619452088352355
490 0.9454499557697427
500 0.92130774696764
510 0.937980228803567
520 0.9441154279911913
530 0.9505506162484785
540 0.947501208290691
550 0.9420390097328368
560 0.8655788205964074
570 1.037856017580952
580 1.0012081602321614
590 0.9896457224911801
600 0.983538171488416
610 0.9820418080960346
620 0.9930177673838345
630 0.9866499496362442
640 0.9905955833972669
650 0.9821628898408843
660 0.9721084376946227
670 0.9606467968592218
680 0.9481427316081202
690 0.9322064710222953
700 0.9169240285806858
710 0.8947936702064005
720 0.8706778899885987
730 0.8418005335062886
740 0.8078954379463577
750 0.7701208116833738
760 0.7348398517630299
770 0.692954983119064
780 0.6487744272354679
790 0.6054893986083041
800 0.562899245897642
810 0.5190908957315983
820 0.47211732082981284
830 0.42868904357216936
840 0.38477075929769367
850 0.3481548200367126
860 0.31207155273846104
870 0.2777833949722879
880 0.24545761907078956
890 0.2151728703024197
900 0.19056761280880202
910 0.16741070746257622
920 0.14738314538604091
930 0.12977164709492528
940 0.11399802745192943
950 0.10145799294560817
960 0.08865577515266868
970 0.07770067090902598
980 0.06964960522007782
990 0.06163869767003747
1000 0.05392393897643109
1010 0.049075650297695825
1020 0.04422229874325298
1030 0.039312650309095226
1040 0.035864436560014576
1050 0.03261061567792948
1060 0.02987768325837887
1070 0.026947823630243117
1080 0.025178256323696132
1090 0.023863448153085463
1100 0.022017052141333326
1110 0.020242833395253575
1120 0.018307254794273253
1130 0.017391011878880647
1140 0.016382183654107606
1150 0.015684629134029113
1160 0.015237879595931057
1170 0.014631578777654065
1180 0.013518537002458957
1190 0.012639934369917125
1200 0.012945653871769484
1210 0.012126517396172543
1220 0.011304726298051435
1230 0.010899597476479067
1240 0.010485363281386242
1250 0.010779547297735472
1260 0.009749401415123317
1270 0.009220420970692764
1280 0.009198838219139726
1290 0.008786604852302761
1300 0.008466579698385152
1310 0.0081481226499549
1320 0.00804520136699932
1330 0.008403298374485944
1340 0.00782021563361333
1350 0.0074104188121352004
1360 0.007035399704173733
1370 0.006795681187440606
1380 0.006767742786806964
1390 0.005565277042981397
1400 0.006482523275865034
1410 0.00606025763075994
1420 0.005599395170150951
1430 0.005426016863940456
1440 0.005268914963154448
1450 0.005215854737731148
1460 0.0049121283430711
1470 0.004769107701389464
1480 0.005248498220788765
