0 0.0
10 0.0
20 0.0
30 0.0
40 0.0
50 0.0
60 0.0
70 0.0
80 0.0
90 0.0
100 0.0
110 0.0
120 0.0
130 0.0
140 0.0
150 0.0
160 0.0
170 0.0
180 0.0
190 0.0
200 0.0
210 0.0
220 0.0
230 0.0
240 0.0
250 0.0
260 0.0
270 0.0
280 0.0
290 0.0
300 1.2865026103090207
310 1.7058976658967218
320 2.0516086033175664
330 1.0052120538724783
340 1.8116314388687627
350 1.0777142281606231
360 -0.15908505504874448
370 1.2573134898229823
380 1.1597842367924942
390 0.7994389732951955
400 0.2909571632408041
410 1.141543299815992
420 0.6166679143317051
430 0.7296089582416992
440 0.6120527693753718
450 0.771945456537993
460 0.5609849281078337
470 0.5702159940223573
480 0.6748346193095256
490 0.5723715902890286
500 0.6507287297607516
510 0.6030969870735385
520 0.5904055951966906
530 0.613161682448218
540 0.6103064414325874
550 0.6132424634833434
560 0.6172030557538716
570 0.6412685064817027
580 0.6272660727655549
590 0.648082117653515
600 0.6322607286984196
610 0.6461850799064408
620 0.6746001682203578
630 0.6488686142968249
640 0.6987300202293766
650 0.7384769355863464
660 0.7522578586712946
670 0.7632832161410952
680 0.7798228780131191
690 0.8101569425246276
700 0.8391042567605399
710 0.8595177438440471
720 0.8839342027472391
730 0.9085673252481817
740 0.9237564249719861
750 0.939547595936072
760 0.9509065216968605
770 0.9710926868170864
780 0.9789046413883273
790 0.988085163601321
800 0.9870311194524022
810 0.9777295782869049
820 0.9661202604059487
830 0.9425429361767259
840 0.9207129762832483
850 0.8940706529384047
860 0.8518637336903501
870 0.8093279529313825
880 0.7664138977148118
890 0.7172785780689593
900 0.6656852567655569
910 0.6160278141993571
920 0.5649096315119955
930 0.512608063054088
940 0.46726050093588933
950 0.4212914054315661
960 0.3778888384494349
970 0.3363247325018599
980 0.29591494431559245
990 0.2637762529818809
1000 0.2346474114246564
1010 0.20583726871345712
1020 0.18213364179986657
1030 0.16051855553490993
1040 0.13978203915159965
1050 0.12293054915890103
1060 0.10800138197245177
1070 0.09484289552699665
1080 0.0816991241311868
1090 0.07145209670757793
1100 0.06384525325094784
1110 0.05579956842663981
1120 0.04855407115885131
1130 0.042479309523957204
1140 0.03714172126502559
1150 0.03348465331835085
1160 0.030036173300141793
1170 0.02628652098391063
1180 0.02307179217720219
1190 0.022032493496320946
1200 0.0201058047430732
1210 0.017552526033178403
1220 0.015349401988596273
1230 0.014240593401677097
1240 0.013589483262092934
1250 0.011618006775067956
1260 0.010778327265868522
1270 0.010333568257831658
1280 0.00985784935084754
1290 0.008911638630901223
1300 0.00814695018343797
1310 0.007720064658110776
1320 0.0073551096319541456
1330 0.006993904976749483
1340 0.006546830446387939
1350 0.006331485228033757
1360 0.0064645826623568915
1370 0.005551756843214486
1380 0.0047159463153958366
1390 0.0051139801765309086
1400 0.0050734820675164
1410 0.004408700888831446
1420 0.0036560778369442645
1430 0.00350787413494009
1440 0.004654991557425247
1450 0.0047762696422997
1460 0.003816336366958997
1470 0.002883824198800639
1480 0.003503521504880835
