0 0.0
10 0.0
20 0.0
30 0.0
40 0.0
50 0.0
60 0.0
70 0.0
80 0.0
90 0.0
100 0.0
110 0.0
120 0.0
130 0.0
140 0.0
150 0.0
160 0.0
170 0.0
180 0.0
190 0.0
200 0.0
210 0.0
220 0.0
230 0.0
240 0.0
250 0.0
260 0.0
270 0.0
280 0.0
290 0.0
300 1.7768371319751122
310 1.5907911699890709
320 1.9969643958786698
330 1.2194830294017194
340 1.305353420798504
350 1.3060570619643088
360 0.403431494665272
370 1.3144956377345403
380 1.0849815362421675
390 1.0932535587918035
400 0.8435345635565417
410 1.0707888266364507
420 0.7759609685304559
430 0.558053590760545
440 0.7706760802106989
450 0.8876216727001841
460 0.8115829373339243
470 0.778165090172745
480 0.7036991335204015
490 0.7871857782548942
500 0.7811950469099951
510 0.784734073380104
520 0.7525595230327398
530 0.7667095752878579
540 0.7726782290584053
550 0.7754552649691971
560 0.8129600747796064
570 0.7954877384256692
580 0.796928601957534
590 0.8101244947978923
600 0.8232432444607121
610 0.8419086275168121
620 0.8690743811425785
630 0.8792177395472468
640 0.8921512055554608
650 0.8983239393513847
660 0.9180259156135068
670 0.9464613590458435
680 0.9522100782562908
690 0.9548596312930893
700 0.9594576802296878
710 0.9720191853707625
720 0.9747904347432237
730 0.9852960286228165
740 0.9756433253052467
750 0.9612262421276665
760 0.948358289398349
770 0.9371936929296333
780 0.907941795906319
790 0.8785909310362595
800 0.8478279259337924
810 0.8111075239075878
820 0.7716326220897258
830 0.7221079792099496
840 0.6746980565912629
850 0.6243695821445708
860 0.5790211582226991
870 0.5245089858196775
880 0.476263443735433
890 0.43322751914930246
900 0.3889338591409066
910 0.34526922959118017
920 0.3079098213324483
930 0.273507374908762
940 0.23577272182647574
950 0.20771833049671756
960 0.18413890964058538
970 0.16071053059967919
980 0.13817893276879478
990 0.12019677897771991
1000 0.10506201982012492
1010 0.0911541995525958
1020 0.07991128535849344
1030 0.06898050362286434
1040 0.059225981576134984
1050 0.05142762506045738
1060 0.04472090281021277
1070 0.039344807315560185
1080 0.035473123603280574
1090 0.03117007059453815
1100 0.026762709529158345
1110 0.023745256646799946
1120 0.022206850817322096
1130 0.01955221329065983
1140 0.017463621109738144
1150 0.015508052852203304
1160 0.014941293007566442
1170 0.013437564522973842
1180 0.012602464338164584
1190 0.010964776815767716
1200 0.009824355533845528
1210 0.009629711604388738
1220 0.00901700848122377
1230 0.008188014819443206
1240 0.008108983529400229
1250 0.007660539275804326
1260 0.006967824758165813
1270 0.006094384952192153
1280 0.006081943955089617
1290 0.005590058016453222
1300 0.005714889634905435
1310 0.005760992700013769
1320 0.005137462134738681
1330 0.004723190219819653
1340 0.0050793876414842246
1350 0.004717744210395967
1360 0.004774756855948287
1370 0.004697205008566136
1380 0.003819158197810141
1390 0.0034433831207049278
1400 0.0032875300316291553
1410 0.003400229229716727
1420 0.0038448659329052763
1430 0.0034645644379144008
1440 0.003208436427371589
1450 0.0032512031140792064
1460 0.003416991443157048
1470 0.0026026398473377866
1480 0.002600787701621949
