0 0.0
10 0.0
20 0.0
30 0.0
40 0.0
50 0.0
60 0.0
70 0.0
80 0.0
90 0.0
100 0.0
110 0.0
120 0.0
130 0.0
140 0.0
150 0.0
160 0.0
170 0.0
180 0.0
190 0.0
200 -0.0
210 -0.0
220 -0.0
230 -0.0
240 -0.0
250 -0.0
260 -0.0
270 -0.0
280 -0.0
290 -0.0
300 -36.68037497939272
310 0.10956359689689465
320 -0.4079542911881185
330 -0.17962818480594595
340 -0.05325381926513418
350 -0.34234892125913274
360 -0.34766396114634673
370 -0.2947517255668591
380 -0.026172461069256695
390 -0.43549750817447413
400 -0.08848403704208245
410 -0.05738998228113295
420 0.3711489014372642
430 0.3564188615757686
440 0.450956584533983
450 0.5833594583719117
460 0.5608864633541123
470 0.5541240162168288
480 0.5859287213493987
490 0.40398674693273695
500 0.5499302290392127
510 0.4342534162084323
520 0.4755195737969742
530 0.4156109021567558
540 0.45431445925127373
550 0.4385718296515454
560 0.42649624816064047
570 0.4457329833870633
580 0.3544556996828636
590 0.37210038340713636
600 0.39488254127796524
610 0.3807497685831627
620 0.44805053931157135
630 0.34191540490978745
640 0.41799342037356246
650 0.41695467082379556
660 0.38869182348473374
670 0.47124331304319433
680 0.36888250192758576
690 0.5446877117349727
700 0.40266985396079136
710 0.5728516117514888
720 0.4956333066718704
730 0.5121520615019791
740 0.6027627156091778
750 0.6378611256009991
760 0.6652784481876904
770 0.7673292912029448
780 0.7288108604207353
790 0.8217885424986794
800 0.8680822817149529
810 0.8817097090231725
820 0.923336709676627
830 0.9597538865440846
840 0.9962338739855143
850 1.0219797332025817
860 0.9894667737502711
870 1.0029305150050507
880 0.9258060288406594
890 0.9311849447373944
900 0.9267201718822048
910 0.849743847153162
920 0.8415897851201841
930 0.7612569140891755
940 0.6931959215306011
950 0.6368976941703681
960 0.5517750134701032
970 0.5257451877032887
980 0.46270491095101285
990 0.3841914309364886
1000 0.35547201643407583
1010 0.30806842501868853
1020 0.23448540785855
1030 0.2366995674505724
1040 0.1721317236114089
1050 0.15398480318127486
1060 0.14054190868589028
1070 0.09405649207689341
1080 0.0890352794415082
1090 0.07775074441960653
1100 0.042467229222602876
1110 0.06376258831338662
1120 0.04979200573367564
1130 0.02177570581621978
1140 0.01957094565874879
1150 0.025976822688951226
1160 0.01838817569439241
1170 0.02426143154227489
1180 -0.0002652914422538707
1190 0.02187113842341009
1200 0.005066777626884303
1210 0.006211389818192972
1220 0.002212275560221684
1230 0.00461131324970096
1240 0.00913463508312024
1250 0.0044108356405203105
1260 -0.0016405639781597553
1270 0.00048173333915122504
1280 0.0016148554624799052
1290 -0.0014027904459335122
1300 -0.00022169648602203302
1310 0.001440648601140336
1320 0.0014312034030747147
1330 -7.881382867698465e-05
1340 -0.0007543947086256421
1350 0.0013839603604405624
1360 9.295354797440617e-06
1370 0.0005095008883008417
1380 0.000500103491426616
1390 0.0007284404320762792
1400 0.0007284404320762792
1410 0.0001605104538935468
1420 -0.0005099083024535438
1430 -0.0005099083024535438
1440 -0.0004431830410781538
1450 -0.0004370642592454709
1460 -8.347942026878442e-05
1470 0.0005099083024535438
1480 0.0005099083024532471
