0 0.0
10 0.0
20 0.0
30 0.0
40 0.0
50 0.0
60 0.0
70 0.0
80 0.0
90 0.0
100 0.0
110 0.0
120 0.0
130 0.0
140 0.0
150 0.0
160 0.0
170 0.0
180 0.0
190 0.0
200 0.0
210 0.0
220 0.0
230 0.0
240 0.0
250 0.0
260 0.0
270 0.0
280 0.0
290 0.0
300 0.0
310 0.0
320 0.0
330 0.0
340 0.0
350 0.0
360 0.0
370 0.0
380 0.0
390 0.0
400 0.0
410 0.0
420 0.9238289839326645
430 0.9184337676767262
440 0.912543404859864
450 0.9265191438362458
460 0.9106096608913672
470 0.916764311143357
480 0.9213197188397086
490 0.9296152780570544
500 0.9387802097128597
510 0.9508348363398477
520 0.9522535414141141
530 0.9521970254905415
540 0.9469241389914572
550 0.9302403236390817
560 0.9090940858136123
570 0.8731614319812743
580 0.8244519229428038
590 0.7735727946983207
600 0.7105673329568722
610 0.6452420464796047
620 0.5761612262513134
630 0.5058687700577205
640 0.4393444250043113
650 0.37221322318535693
660 0.312648137568233
670 0.25958948382673364
680 0.21166346973295838
690 0.17049608160104218
700 0.13611360603021597
710 0.10863365333212963
720 0.08476838276113015
730 0.06609940419285834
740 0.0526213495985525
750 0.040871431726019626
760 0.03237144082556232
770 0.026031553604999702
780 0.02096009671642775
790 0.017612763696955237
800 0.015095943832936158
810 0.01271838188517524
820 0.011309910950219843
830 0.010192882250349804
840 0.00973514516065905
850 0.009141464649610105
860 0.007967045561751958
870 0.008375125181384764
880 0.006719409886104073
890 0.007978773197618949
900 0.006886373208295397
910 0.006822753824116059
920 0.006158783762945716
930 0.006881819714269254
940 0.006596198701803658
950 0.005865193711310251
960 0.005546095673857688
970 0.00600147101885435
980 0.005948280486029306
990 0.005255655699127989
1000 0.0057369875217446855
1010 0.005090960282695874
1020 0.005385213472621638
1030 0.004799773548999097
1040 0.004759466067623219
1050 0.004898887598381086
1060 0.004709540593673459
1070 0.004408408025914572
1080 0.004085567714930264
1090 0.0037708035560089738
1100 0.003990819994486857
1110 0.003567051217078879
1120 0.0032259409558790175
1130 0.0025935622996356702
1140 0.0023527568083086697
1150 0.0021567394848029044
1160 0.0018312628154084755
1170 0.0015481612923304558
1180 0.0013949830427266235
1190 0.0010048376012768516
1200 0.0008978372701380962
1210 0.0007746704094448192
1220 0.0005350167420608075
1230 0.0004610678806601023
1240 0.00034417051816784444
1250 0.0003176613392437631
1260 0.0002682584199387402
1270 0.0001944968510036263
1280 8.534475976754655e-05
1290 0.0001435881819899019
1300 9.830877827052807e-05
1310 0.00010719437952593656
1320 4.005084094035855e-05
1330 3.569893406474411e-05
1340 3.4002014134526134e-05
1350 7.064550928210887e-05
1360 6.078814392728318e-06
1370 4.2536596117419005e-05
1380 4.7303855556114104e-05
1390 5.187703884418352e-05
1400 2.1841630490580785e-05
1410 -1.3357488470932318e-05
1420 1.4633301088909408e-05
1430 1.4702571573597945e-05
1440 4.555519348488809e-05
1450 4.823574303392661e-05
1460 6.637589614255255e-06
1470 7.819220748194419e-06
1480 2.096384993264075e-05
