0 0.0
10 0.0
20 0.0
30 0.0
40 0.0
50 0.0
60 0.0
70 0.0
80 0.0
90 0.0
100 0.0
110 0.0
120 0.0
130 0.0
140 0.0
150 0.0
160 0.0
170 0.0
180 0.0
190 0.0
200 0.0
210 0.0
220 0.0
230 0.0
240 0.0
250 0.0
260 0.0
270 0.0
280 0.0
290 0.0
300 0.0
310 0.0
320 0.0
330 0.0
340 0.0
350 0.26708386746913404
360 0.35465452649030055
370 0.43720582411023057
380 0.49600600133165923
390 0.519409115274737
400 0.5514837338532792
410 0.5726760107865909
420 0.5890014185256758
430 0.598207372048521
440 0.5972155755014489
450 0.6048874240855816
460 0.6054041464725057
470 0.6096741646415825
480 0.6244849526214857
490 0.6354275459672711
500 0.6455072336319133
510 0.6667529161144863
520 0.6853039829154739
530 0.7076861291320444
540 0.7434543530214605
550 0.770943658241247
560 0.8010391100843002
570 0.8370633578054194
580 0.8735340969171101
590 0.9027502778260366
600 0.9311216106666016
610 0.9567738761402018
620 0.9780519372672543
630 0.9842527756955156
640 0.992930846441016
650 0.9845412764631656
660 0.9684102243173609
670 0.9370418882810414
680 0.9041239790077329
690 0.8601552115611801
700 0.807483475744622
710 0.7498159216242162
720 0.6909574340505351
730 0.629152549120269
740 0.5654469895265655
750 0.5050584760484129
760 0.4469559066220233
770 0.39115711708753825
780 0.3391600183840199
790 0.2919289046272749
800 0.24977868991857544
810 0.21310312166972378
820 0.17896029194981744
830 0.15172043338478441
840 0.12665300732208634
850 0.10542205505717181
860 0.08897631677882231
870 0.0736122489939308
880 0.061544595482369804
890 0.05035408869958108
900 0.0428515864485924
910 0.03499415578144123
920 0.028330351648371017
930 0.022695840520085105
940 0.018126831928944757
950 0.015580192532564062
960 0.012965396140575697
970 0.009969905501049628
980 0.008094262063066527
990 0.00715466402140427
1000 0.005649394922492044
1010 0.004601478249494876
1020 0.0034464538818791885
1030 0.002492243431464248
1040 0.0019145366083635586
1050 0.001433910357345108
1060 0.001353469713456169
1070 0.001087345779863513
1080 0.0009081182806760153
1090 0.0007596245975458713
1100 0.0006615110223247071
1110 0.0004968461784742269
1120 0.00040716533757671145
1130 0.0004587529370771282
1140 0.0003990442788043729
1150 0.000275460120770259
1160 0.0003194969809640772
1170 0.0003101752148825074
1180 0.0002137543944141573
1190 0.00021948435642338924
1200 0.00022449404786406706
1210 0.0002053316550214075
1220 0.00018236513820734445
1230 0.00018569894137157234
1240 0.00021187596059340038
1250 0.00018715214080841747
1260 0.0001879796957006383
1270 0.0001669759342925432
1280 0.00014103965898375014
1290 0.00013979878402897895
1300 0.00017277848086117532
1310 0.00014263374582805353
1320 0.00013679064625298819
1330 9.924145490551222e-05
1340 5.2086741789601135e-05
1350 3.332642499522047e-05
1360 7.83074042584064e-05
1370 0.0001271843847996394
1380 0.00014463848020788937
1390 0.00010209051094142135
1400 6.970680529426858e-05
1410 6.31823527663302e-05
1420 8.292171356655536e-05
1430 9.361000273405165e-05
1440 0.00010231977569319146
1450 8.280876644708261e-05
1460 6.6477467084843e-05
1470 6.108753383759036e-05
1480 6.822636711799553e-05
