0 0.0
10 0.0
20 0.0
30 0.0
40 0.0
50 0.0
60 0.0
70 0.0
80 0.0
90 0.0
100 0.0
110 0.0
120 0.0
130 0.0
140 0.0
150 0.0
160 0.0
170 0.0
180 0.0
190 0.0
200 0.0
210 0.0
220 0.0
230 0.0
240 0.0
250 0.0
260 0.0
270 0.0
280 0.0
290 0.0
300 0.0
310 0.0
320 0.0
330 0.0
340 0.0
350 -0.1298426063291843
360 -0.020640456208907126
370 0.09859462914854922
380 0.20173149643890262
390 0.28433117937213265
400 0.326102839721503
410 0.37812048532825154
420 0.4337286278627924
430 0.45666341386136977
440 0.4894653798832841
450 0.4966655676957583
460 0.5079325962152725
470 0.5178588095899167
480 0.5201609800862803
490 0.5204232885808863
500 0.5339356852979982
510 0.5352591049208724
520 0.5354266488508007
530 0.5363154937841048
540 0.5462591401683303
550 0.5475788755919246
560 0.5571194996188547
570 0.5595001649492019
580 0.5675974461182205
590 0.5796737984608523
600 0.5887002523840743
610 0.6147619964764253
620 0.6313742427319697
630 0.6577256609893488
640 0.6856875053583862
650 0.7196842745127195
660 0.7541301102115466
670 0.7897464948889472
680 0.8230036895897487
690 0.8669347865046882
700 0.8905672844851252
710 0.9249788310711351
720 0.9520489285020988
730 0.968132373052848
740 0.9822885676232368
750 0.9859300795891537
760 0.9818121212777067
770 0.9668389550506927
780 0.946574463982399
790 0.9180930058135299
800 0.8680612537630303
810 0.8278236433376114
820 0.7757146095207744
830 0.7204817892054709
840 0.6605486032240576
850 0.6004895100155682
860 0.5407421760984727
870 0.4803858882985994
880 0.42118440811026236
890 0.3650370444673956
900 0.3101031653214876
910 0.2593905163793655
920 0.21019359164254817
930 0.16688046668438972
940 0.12911452375017315
950 0.09772947729392079
960 0.07331355522020391
970 0.05345707521114847
980 0.039199055041892965
990 0.02791536518493922
1000 0.01971465567477535
1010 0.01360476004073263
1020 0.009182385083024863
1030 0.00623591157876846
1040 0.004183888708584389
1050 0.002989030815793164
1060 0.0021902442157055967
1070 0.001489088633900855
1080 0.0009476725862987625
1090 0.0006907673681744739
1100 0.0007022887731522359
1110 0.0005117722720841094
1120 0.0005209172258735943
1130 0.0003999764951772438
1140 0.0003216282930666652
1150 0.00028039946287073206
1160 0.00023526007344103672
1170 0.00022769638252794774
1180 0.0002447036524388365
1190 0.00019113165314410332
1200 0.00012228564902286486
1210 0.00013418690440630704
1220 0.00019214406719050153
1230 0.00018740292645442037
1240 0.00011881185500746863
1250 0.00011137282725302506
1260 0.00011295396642102483
1270 0.00011812693033957887
1280 7.300204329170818e-05
1290 5.657801010493723e-05
1300 8.103449548036851e-05
1310 8.594624319523943e-05
1320 4.799224137326592e-05
1330 5.070734721089348e-05
1340 6.4384347651532e-05
1350 8.739190708851745e-05
1360 5.4611929645168154e-05
1370 3.530753528547804e-05
1380 3.7355240310988195e-05
1390 3.5054850409654175e-05
1400 2.6636294059970845e-05
1410 3.058242058631853e-05
1420 2.6197882679256767e-05
1430 1.8416345191412084e-05
1440 1.4466849594125307e-05
1450 3.178585580296371e-05
1460 3.0805018755379086e-05
1470 2.765952726066108e-05
1480 3.341747766768703e-05
