0 0.0
10 0.0
20 0.0
30 0.0
40 0.0
50 0.0
60 0.0
70 0.0
80 0.0
90 0.0
100 0.0
110 0.0
120 0.0
130 0.0
140 0.0
150 0.0
160 0.0
170 0.0
180 0.0
190 0.0
200 0.0
210 0.0
220 0.0
230 0.0
240 0.0
250 0.0
260 0.0
270 0.0
280 0.0
290 0.0
300 0.0
310 0.0
320 0.0
330 0.0
340 0.0
350 0.546617164345901
360 0.6168389770600442
370 0.6443206275883169
380 0.6746171839524286
390 0.6887473860747029
400 0.6900992231508327
410 0.7025431130688358
420 0.7056706079488786
430 0.7105145527059222
440 0.7132356120263715
450 0.7222680995990715
460 0.7319150270634123
470 0.7509263601465179
480 0.7707203561302722
490 0.7980551353354606
500 0.8250259627727816
510 0.8470690476823561
520 0.8831939096076903
530 0.9087969307895911
540 0.933364292055814
550 0.9576874703836564
560 0.9697303965903163
570 0.9837668249536944
580 0.9832474273897738
590 0.9775355114246538
600 0.9618711823017438
610 0.9307057695530967
620 0.8979483710624068
630 0.8525662699224789
640 0.8058231829431699
650 0.7411264989664217
660 0.6809623637611528
670 0.6193754831076395
680 0.5549130988709507
690 0.4919450249400843
700 0.43171665315272434
710 0.3756102188725607
720 0.32240767298701656
730 0.2755815697195852
740 0.23422410510549538
750 0.1970737054167235
760 0.16551910260774957
770 0.13795238721918532
780 0.11532100580266895
790 0.09615029788668633
800 0.08075484600651787
810 0.06698684515656395
820 0.05682460859915581
830 0.047448824138783784
840 0.041168384522966145
850 0.0343947424932014
860 0.031063622064674296
870 0.026256122094651432
880 0.022804311032361833
890 0.020503892966442904
900 0.01841034853360802
910 0.016076117678749478
920 0.014403812405937454
930 0.011786026936796964
940 0.010532033816059085
950 0.009147688432150027
960 0.008031138023780813
970 0.007219180815173736
980 0.00545364309512449
990 0.004985921206885174
1000 0.003751661091190445
1010 0.003166465770483725
1020 0.0024460833727588025
1030 0.0019515461163429097
1040 0.0014940587012004214
1050 0.001068593261274249
1060 0.000906180067345305
1070 0.0006722215714348867
1080 0.00039798391525709546
1090 0.00046228624373982423
1100 0.00042884420881054834
1110 0.0003837730312725282
1120 0.0001653603348619456
1130 0.000209032170339854
1140 0.00023675279810663602
1150 0.0001967778813469998
1160 0.0002550884138395619
1170 0.00016289960789788057
1180 0.00012267344705346704
1190 0.00016092980227629323
1200 0.0001487465960440026
1210 0.00010572775420925463
1220 0.00011241773937130591
1230 0.00012797317537044465
1240 0.00011235058632557494
1250 8.505258187756304e-05
1260 9.507473904266507e-05
1270 0.00011331787892438862
1280 0.00010624145371942678
1290 9.40515380966491e-05
1300 7.575642147555332e-05
1310 8.516786729103901e-05
1320 6.858873919058507e-05
1330 4.085518083795572e-05
1340 3.880118513667158e-05
1350 4.952425876056307e-05
1360 3.271631854828447e-05
1370 5.0571614806937274e-05
1380 7.628578558582327e-05
1390 8.172017248560762e-05
1400 7.860288505269162e-05
1410 5.2620332613753225e-05
1420 4.587346479681361e-05
1430 5.719332911699889e-05
1440 5.2675481986952716e-05
1450 2.859726796381946e-05
1460 1.9367182842320697e-05
1470 2.244087444706235e-05
1480 3.3396180750280706e-05
