0 0.0
10 0.0
20 0.0
30 0.0
40 0.0
50 0.0
60 0.0
70 0.0
80 0.0
90 0.0
100 0.0
110 0.0
120 0.0
130 0.0
140 0.0
150 0.0
160 0.0
170 0.0
180 0.0
190 0.0
200 0.0
210 0.0
220 0.0
230 0.0
240 0.0
250 0.0
260 0.0
270 0.0
280 0.0
290 0.0
300 0.0
310 0.0
320 0.0
330 0.0
340 0.0
350 0.0
360 0.0
370 0.0
380 0.0
390 0.0
400 0.0
410 0.0
420 0.0
430 0.0
440 0.0
450 0.0
460 0.0
470 0.0
480 0.4780338029965072
490 0.48722289763790366
500 0.498843286541282
510 0.5175267487296754
520 0.5165982598884404
530 0.5154269279102872
540 0.5244837814718368
550 0.5205974670819424
560 0.526434675439396
570 0.5348028296661274
580 0.5360063379765292
590 0.5531162717621207
600 0.5677748092332009
610 0.5844376313582235
620 0.6126743805383034
630 0.6323839370193675
640 0.6663526956948844
650 0.7082600568289725
660 0.7323519240664157
670 0.7814643582578502
680 0.8158194085847759
690 0.8560879895118718
700 0.894283303063666
710 0.9281682130055352
720 0.9536832411691886
730 0.9786584354427399
740 0.9835104197037139
750 0.9910214991017172
760 0.9809752585379689
770 0.9580820026269041
780 0.9278788892186342
790 0.8883272046982261
800 0.8345701147769418
810 0.780066277298943
820 0.7169165190174318
830 0.6535811511919322
840 0.5825574590323426
850 0.5203906972755135
860 0.45316464591928723
870 0.3924410414982568
880 0.3349595956012063
890 0.28414516279798785
900 0.23679491810047204
910 0.19619338706693473
920 0.16002281705820934
930 0.12983840229637608
940 0.10511951228202976
950 0.08249750489001917
960 0.06636931232844498
970 0.05176114656458269
980 0.04044978162772833
990 0.030312565224104665
1000 0.02367678429548881
1010 0.01867063626336697
1020 0.0142036915955979
1030 0.010681034230469672
1040 0.009039277481063568
1050 0.006969118222582786
1060 0.005396687034899376
1070 0.004490454834499501
1080 0.003910065090681754
1090 0.003165103182032226
1100 0.002323868350003455
1110 0.002133058840624488
1120 0.0015811738864320085
1130 0.0014500333172046487
1140 0.0011592786848763734
1150 0.0008579485872129314
1160 0.0006269282634176941
1170 0.0007127792006523518
1180 0.00038363611102492826
1190 0.0003747468394331749
1200 0.00022892690702836356
1210 0.00022822202224633012
1220 0.00011958324225289674
1230 0.00013596122965537545
1240 8.100776856788969e-05
1250 0.00010881611895911881
1260 7.073974354986976e-05
1270 1.0622704943873872e-05
1280 6.124311803991093e-05
1290 3.297651030140284e-05
1300 3.5577737751875224e-05
1310 4.6839228170906834e-05
1320 6.705855495475571e-06
1330 -6.318639815903766e-06
1340 -4.109097513306571e-06
1350 1.1057248867435888e-06
1360 3.01748458937277e-06
1370 1.6373501448351817e-06
1380 2.2921364216087323e-05
1390 3.8107843162585745e-06
1400 1.157239662294922e-05
1410 4.132017539377918e-06
1420 2.1395218414219206e-06
1430 2.3871411865236546e-07
1440 7.145257421434554e-06
1450 3.1564711338398602e-06
1460 -1.0773711458816467e-05
1470 -1.2555215115070931e-05
1480 7.24220345133945e-06
