0 0.0
10 0.0
20 0.0
30 0.0
40 0.0
50 0.0
60 0.0
70 0.0
80 0.0
90 0.0
100 0.0
110 0.0
120 0.0
130 0.0
140 0.0
150 0.0
160 0.0
170 0.0
180 0.0
190 0.0
200 0.0
210 0.0
220 0.0
230 0.0
240 0.0
250 0.0
260 0.0
270 0.0
280 0.0
290 0.0
300 0.0
310 0.0
320 0.0
330 0.0
340 0.0
350 0.8094463547551853
360 0.8355362051820326
370 0.8441927517693327
380 0.872690936916267
390 0.8884236623293935
400 0.8401956617925849
410 0.8410994233115934
420 0.8563130939812069
430 0.8865076372341129
440 0.8718797807619887
450 0.8873206769974818
460 0.8958291931514204
470 0.9203323678841818
480 0.9363341226609678
490 0.9522374630636985
500 0.9644137691616939
510 0.9765360228978814
520 0.9736834107370224
530 0.966426586660445
540 0.953159556796294
550 0.9277256460266272
560 0.8926424215621245
570 0.8459265088715269
580 0.7961871592326715
590 0.7369756907954865
600 0.6731068762905359
610 0.6115962201086524
620 0.5435641533056833
630 0.4813389306580781
640 0.418886554728124
650 0.3611978208468276
660 0.30685322774761775
670 0.2588074870737806
680 0.2165336126564124
690 0.18080723436457646
700 0.14917448958994597
710 0.12093654604354688
720 0.09932416538246938
730 0.08127219307935392
740 0.06617639124864176
750 0.05482386830029316
760 0.04575797715194538
770 0.03733453185712255
780 0.031525460505066924
790 0.02717100966688195
800 0.02405339221596592
810 0.019664616461206708
820 0.0185814107669387
830 0.016311457804593785
840 0.01484043795747434
850 0.01351225695755051
860 0.012453864885821791
870 0.01093533220485289
880 0.011153820632691649
890 0.009776653965282165
900 0.009854501507420507
910 0.008205242752119785
920 0.00782574206773206
930 0.0073372919413976475
940 0.006788032258992804
950 0.0056828244045215364
960 0.0051109375870943
970 0.005157173703029471
980 0.003371029333132543
990 0.003618890461943725
1000 0.0027905197987106232
1010 0.0026084834046600416
1020 0.0017550012973775655
1030 0.0014051673615744689
1040 0.0011621243800814401
1050 0.0008006888317299871
1060 0.0006889480034857286
1070 0.0005421884263340786
1080 0.00041331477790790624
1090 0.0002875958873608563
1100 0.00024743617621994095
1110 0.00019135020718831806
1120 0.00016998848438818732
1130 0.00012514811325760013
1140 0.00015994088036469967
1150 7.908504850401406e-05
1160 8.484370842929332e-05
1170 8.323555569902203e-05
1180 3.670001490576052e-05
1190 7.283053960075785e-05
1200 8.333872465713644e-05
1210 1.5572560212849484e-05
1220 7.118750948302462e-05
1230 4.447118924107784e-05
1240 -1.3515884430578945e-06
1250 3.258847192254998e-05
1260 4.520974293404258e-05
1270 -5.233586021565155e-06
1280 -1.1459130215083638e-05
1290 4.3692739626466885e-05
1300 5.940997668395083e-05
1310 3.2997051854191753e-05
1320 4.576546057776769e-05
1330 3.607462832655629e-05
1340 8.179484015411717e-06
1350 1.9036837028098036e-05
1360 1.692080589024487e-05
1370 1.379616700677055e-06
1380 5.080845130306349e-06
1390 2.192175613137193e-05
1400 2.8572490078832127e-05
1410 2.213456675107736e-05
1420 2.0025315932114914e-05
1430 2.211638942435526e-05
1440 2.2794043399437495e-05
1450 6.215905047492556e-06
1460 1.5666112298781848e-05
1470 1.4519450988460773e-05
1480 2.1564200198901052e-05
