0 0.0
10 0.0
20 0.0
30 0.0
40 0.0
50 0.0
60 0.0
70 0.0
80 0.0
90 0.0
100 0.0
110 0.0
120 0.0
130 0.0
140 0.0
150 0.0
160 0.0
170 0.0
180 0.0
190 0.0
200 0.0
210 0.0
220 0.0
230 0.0
240 0.0
250 0.0
260 0.0
270 0.0
280 0.0
290 0.0
300 0.0
310 0.0
320 0.0
330 0.0
340 0.0
350 0.03410546131714775
360 0.1805770301678601
370 0.24624310426647933
380 0.3598665796767231
390 0.4258975160042404
400 0.4510984249067887
410 0.4706615955729729
420 0.5124646583020218
430 0.5178868935675842
440 0.5473869076115195
450 0.5380415421599707
460 0.5519488499037951
470 0.5500313645673317
480 0.552773019251832
490 0.5639920040791299
500 0.5673050444637631
510 0.5770323491679489
520 0.5882184266990982
530 0.5941865768949577
540 0.6142686853960665
550 0.6269494927910969
560 0.6507043709339695
570 0.6664079872664512
580 0.6988359937984141
590 0.7228019681462576
600 0.757182997691396
610 0.7913703884262735
620 0.827249503200175
630 0.8643062663082358
640 0.8908986451157499
650 0.9268333230858917
660 0.9530435848590681
670 0.9713300929098976
680 0.990487078305603
690 0.9857287478014578
700 0.9882489258007986
710 0.9702730680018361
720 0.9476110799629271
730 0.9184597796030229
740 0.873008311489991
750 0.8231847783329564
760 0.7709779193420768
770 0.7153296050759628
780 0.6534901444574173
790 0.5913071785631199
800 0.5318596783000845
810 0.47111359162500344
820 0.41456997452566896
830 0.36140642791872707
840 0.31277163396468954
850 0.26742080941687607
860 0.22605675803162478
870 0.19129187484337243
880 0.15934025821825037
890 0.13095700568485122
900 0.10580658269208586
910 0.0850420170093792
920 0.06624490062225316
930 0.05044438039035149
940 0.038752796725826814
950 0.029305485516680815
960 0.02148024255556848
970 0.01689252028682192
980 0.012221703939226263
990 0.009376567219563219
1000 0.006885708007322712
1010 0.005090789916752044
1020 0.0038467550654746594
1030 0.002628859938407788
1040 0.0019065273200980014
1050 0.0017049681054188619
1060 0.0012859844429462773
1070 0.001049428829598343
1080 0.0007977204801985241
1090 0.0006034095029225346
1100 0.0004918961262470135
1110 0.00045935872500209405
1120 0.00042809848438571006
1130 0.00037499986522011874
1140 0.00030808412032248594
1150 0.00025403458590496505
1160 0.00015164454527393824
1170 0.0002211570269770424
1180 0.0002033601713447135
1190 0.00014294385915829957
1200 0.00018369520756119162
1210 0.00014507036184737687
1220 0.00017037798975475676
1230 0.0001578146021423173
1240 0.00013378271854866766
1250 0.0001317734887175424
1260 0.0001466710482117489
1270 0.0001407329141641706
1280 8.980518765635111e-05
1290 7.346109309514777e-05
1300 8.673957070697217e-05
1310 6.936258747040341e-05
1320 2.6114179321259733e-05
1330 2.47438021047058e-05
1340 6.159446970179302e-05
1350 7.327952724762028e-05
1360 6.733079514438752e-05
1370 7.297682516690795e-05
1380 8.476272265778123e-05
1390 7.901828491488786e-05
1400 6.90413037553275e-05
1410 4.395599002256181e-05
1420 2.5453014225564684e-05
1430 2.2460224114097697e-05
1440 4.344507024757945e-05
1450 4.819375906965871e-05
1460 4.0011637726586234e-05
1470 2.0922801516665857e-05
1480 2.0020954225359422e-05
