0 0.0
10 0.0
20 0.0
30 0.0
40 0.0
50 0.0
60 0.0
70 0.0
80 0.0
90 0.0
100 0.0
110 0.0
120 0.0
130 0.0
140 0.0
150 0.0
160 0.0
170 0.0
180 0.0
190 0.0
200 0.0
210 0.0
220 0.0
230 0.0
240 0.0
250 0.0
260 0.0
270 0.0
280 0.0
290 0.0
300 0.0
310 0.0
320 0.0
330 0.0
340 0.0
350 0.0
360 0.0
370 0.0
380 0.0
390 0.0
400 0.0
410 0.0
420 0.0
430 0.0
440 0.0
450 0.0
460 0.0
470 0.0
480 0.0
490 0.0
500 0.45650776320672404
510 0.4632908226641538
520 0.48071856826084586
530 0.4803370152138691
540 0.469081530782013
550 0.4742251810759821
560 0.48060995246176397
570 0.47517095940912435
580 0.47572680426875413
590 0.476513317358023
600 0.48668825754464884
610 0.4987794175314635
620 0.5024307309142716
630 0.5126755542886429
640 0.5288874072090923
650 0.5459106039089918
660 0.5637470838808166
670 0.5838590918329232
680 0.6148587998734558
690 0.6484160943853278
700 0.6761096766971146
710 0.7126438707776692
720 0.7558819210701201
730 0.7923129038338654
740 0.8410216793975634
750 0.8765098661077162
760 0.9153264076567329
770 0.9470301496235295
780 0.9686637719397082
790 0.9835149691957229
800 0.9916949498179992
810 0.9865049542810379
820 0.9738263048021818
830 0.946888206077257
840 0.91395422788614
850 0.8633052647424662
860 0.8116181307550459
870 0.7550739487426573
880 0.6917138917527478
890 0.6288180661919878
900 0.5636052388446613
910 0.4971953243326741
920 0.4357355668561718
930 0.3754023674581524
940 0.3221079196139518
950 0.2734676090744719
960 0.22646429591767198
970 0.1874353360867137
980 0.15121543741216723
990 0.12147968196191501
1000 0.09607822330163127
1010 0.07384621847838486
1020 0.05705452051400175
1030 0.042211823255670536
1040 0.032196592668280045
1050 0.023784129358663128
1060 0.017522143096183593
1070 0.01279380203904651
1080 0.00950249860697711
1090 0.0070074860464197555
1100 0.005082903704161156
1110 0.004017225526188337
1120 0.002792136215487079
1130 0.0023358544160560816
1140 0.0016625435302595212
1150 0.0013361253945287773
1160 0.0009684802712914638
1170 0.0008023470568377879
1180 0.0005092570671472172
1190 0.00034797682505949366
1200 0.0003239164196407088
1210 0.00022872149082768615
1220 0.00021435658547388865
1230 8.314201254418002e-05
1240 0.00022377821465926231
1250 3.6866167789655273e-05
1260 5.6282704959004225e-05
1270 7.018686156473924e-05
1280 1.6129862660508942e-05
1290 3.661602349174535e-05
1300 2.2925764633614236e-05
1310 1.210310820388918e-06
1320 -6.354357483479198e-07
1330 1.295733150608124e-05
1340 8.966004166660483e-06
1350 1.469199626425593e-05
1360 1.4615009896573783e-05
1370 1.554389686883094e-06
1380 -6.270940202556262e-08
1390 -8.660064792156377e-07
1400 -8.168719303247601e-06
1410 -7.1222861495908555e-06
1420 8.716736892190572e-06
1430 1.2185318492465615e-05
1440 -1.2146865889458932e-06
1450 -2.3113989818185316e-06
1460 -5.47041623076866e-06
1470 -5.882941467689496e-06
1480 2.815561176602406e-06
