0 0.0
10 0.0
20 0.0
30 0.0
40 0.0
50 0.0
60 0.0
70 0.0
80 0.0
90 0.0
100 0.0
110 0.0
120 0.0
130 0.0
140 0.0
150 0.0
160 0.0
170 0.0
180 0.0
190 0.0
200 0.0
210 0.0
220 0.0
230 0.0
240 0.0
250 0.0
260 0.0
270 0.0
280 0.0
290 0.0
300 0.0
310 0.0
320 0.0
330 0.0
340 0.0
350 0.0
360 0.0
370 0.0
380 0.0
390 0.0
400 0.0
410 0.0
420 0.0
430 0.0
440 0.0
450 0.0
460 0.0
470 0.6382977084355967
480 0.6413760040379748
490 0.6473015921167871
500 0.6480343046007997
510 0.6579192579295796
520 0.6669448672076841
530 0.6807877873570627
540 0.7056268318009239
550 0.7273665264870781
560 0.7555425410220461
570 0.789010609493783
580 0.8279490539178791
590 0.8606382556928647
600 0.8977141484572358
610 0.9293603247820142
620 0.9546532161538683
630 0.9746679682961759
640 0.9856497631488583
650 0.9861551541712933
660 0.9718589726673106
670 0.95352359523781
680 0.9166687039120459
690 0.873562674164653
700 0.8196015299041114
710 0.75671553695782
720 0.6927735684237999
730 0.6235666659948935
740 0.5536689759320504
750 0.48659161486213326
760 0.42053435946692164
770 0.3588508171500562
780 0.30353015958420576
790 0.2525640983312419
800 0.20927103561218313
810 0.17127580764552716
820 0.13886654241421173
830 0.11165321788406163
840 0.0898247110257522
850 0.07184214297497407
860 0.0572799377892734
870 0.04615628343312228
880 0.03695797618679028
890 0.030010824712876954
900 0.025064835034114417
910 0.020328043368221867
920 0.017470246397311182
930 0.014303310463532545
940 0.012997373688845893
950 0.011645426512856893
960 0.00969332065217588
970 0.009097678187725628
980 0.008049008165563509
990 0.0076591644439917604
1000 0.0066279965456554416
1010 0.006773798220969169
1020 0.0057255242995391635
1030 0.0054471893235631145
1040 0.004807365525631034
1050 0.004532042194119111
1060 0.003709112434556643
1070 0.003496543030303094
1080 0.0034840647478517252
1090 0.00265655728490384
1100 0.0019298522792263486
1110 0.0018239733851819109
1120 0.002025306465990841
1130 0.0016446511243629134
1140 0.0013766645756755256
1150 0.000960718125515166
1160 0.0008274411693447663
1170 0.000677038697361543
1180 0.0005869723015210816
1190 0.0005080612026118644
1200 0.00039060298542336865
1210 0.00022528699767803307
1220 0.00023695571453045093
1230 0.00018910280418020606
1240 0.00018660517370493046
1250 0.00017330814183010165
1260 6.009021450482743e-05
1270 7.895410812742081e-05
1280 0.0001115378891351315
1290 9.153898831308506e-05
1300 2.012456585665997e-05
1310 5.07595664996133e-05
1320 8.271589800111971e-05
1330 2.8250937988941424e-05
1340 -3.951037094169949e-06
1350 3.1663484697121765e-05
1360 5.659629060803347e-05
1370 1.784560627523642e-05
1380 2.352834169186702e-05
1390 2.447766112569755e-05
1400 1.8227493596513523e-05
1410 1.3498100701853623e-05
1420 5.3040269572530714e-05
1430 1.67158347542252e-05
1440 2.398727402222841e-06
1450 8.176451859778275e-06
1460 2.2000031280203484e-05
1470 2.7015363259681183e-05
1480 1.958270546000149e-05
