0 0.0
10 0.0
20 0.0
30 0.0
40 0.0
50 0.0
60 0.0
70 0.0
80 0.0
90 0.0
100 0.0
110 0.0
120 0.0
130 0.0
140 0.0
150 0.0
160 0.0
170 0.0
180 0.0
190 0.0
200 0.0
210 0.0
220 0.0
230 0.0
240 0.0
250 0.0
260 0.0
270 0.0
280 0.0
290 0.0
300 0.0
310 0.0
320 0.0
330 0.0
340 0.0
350 1.068951132741822
360 1.064398607263706
370 1.0294204871504826
380 1.0252861769664536
390 1.0196330082424825
400 0.9981434761280892
410 0.9911914732997257
420 0.980603469121596
430 0.9769678216890986
440 0.9664375362685284
450 0.9594134820904837
460 0.9467358577119379
470 0.9280573164881558
480 0.9029307459630798
490 0.8749039303961774
500 0.8369735342964263
510 0.79302089220824
520 0.7455261516285592
530 0.68979550959604
540 0.6340413049539793
550 0.5711886224037569
560 0.5110452402661155
570 0.45317576647147645
580 0.39691458717873135
590 0.3418129822076082
600 0.2934175303278452
610 0.2485696610324978
620 0.20967476561739773
630 0.1769359493013178
640 0.14670491152434104
650 0.12272879877212164
660 0.10290322015368086
670 0.0861034980570874
680 0.07313226616118469
690 0.06193753108880075
700 0.052550598196799865
710 0.04562963194768944
720 0.04044096900758784
730 0.03569239126563768
740 0.032581906446692746
750 0.02889378952835804
760 0.026051995002895706
770 0.025509730621844726
780 0.022665242300708228
790 0.021217605830219616
800 0.02044569529560389
810 0.01938560852530172
820 0.018138917300259273
830 0.017528093411567986
840 0.016279244423065983
850 0.016357309914328395
860 0.015136919195226358
870 0.014846411286416469
880 0.013585167618350203
890 0.013399229926577843
900 0.012846039361286145
910 0.012189282637254977
920 0.011366387575821257
930 0.010514171531849623
940 0.009611890476226684
950 0.008377793265001907
960 0.008223321837738082
970 0.007558572057932305
980 0.006485363426880259
990 0.00560928626396038
1000 0.0048013853097803524
1010 0.004046486533346808
1020 0.0032222772766718195
1030 0.0028257246520204944
1040 0.0022568298136120325
1050 0.0014896027002013388
1060 0.001234763648637712
1070 0.0008946648017869451
1080 0.0006821099392510886
1090 0.00047265052031074503
1100 0.00038214788263215047
1110 0.00033460173533108017
1120 0.0002819801630877056
1130 0.00015150268679040897
1140 0.00017682706006759516
1150 0.00016331663474789275
1160 0.0001712295141213002
1170 0.00010515115824480002
1180 8.231342103034876e-05
1190 0.00012366776908125552
1200 9.573663250063178e-05
1210 5.7644486032652505e-05
1220 9.194717572359767e-05
1230 7.921820296986527e-05
1240 3.155420966080258e-05
1250 3.72605754062532e-05
1260 2.0509994547984688e-05
1270 3.748232079672237e-05
1280 2.3979230770174924e-05
1290 6.402515773594036e-05
1300 6.381784706028086e-05
1310 5.721241355893365e-05
1320 4.7234105810173146e-05
1330 4.001861486743374e-05
1340 5.349715219692086e-05
1350 1.747557045077574e-05
1360 -1.3169666170047817e-06
1370 2.5287355131101147e-06
1380 2.2988454336891115e-05
1390 3.337287638710241e-05
1400 1.77638279303919e-05
1410 -5.023419993533315e-06
1420 1.5683400677928687e-05
1430 2.9816442742616695e-05
1440 1.816496657189127e-05
1450 1.2073615362237555e-05
1460 2.123552737536275e-05
1470 2.598351788619322e-05
1480 2.1101034859015973e-05
