0 0.0
10 0.0
20 0.0
30 0.0
40 0.0
50 0.0
60 0.0
70 0.0
80 0.0
90 0.0
100 0.0
110 0.0
120 0.0
130 0.0
140 0.0
150 0.0
160 0.0
170 0.0
180 0.0
190 0.0
200 0.0
210 0.0
220 0.0
230 0.0
240 0.0
250 0.0
260 0.0
270 0.0
280 0.0
290 0.0
300 0.0
310 0.0
320 0.0
330 0.0
340 0.0
350 0.0
360 0.0
370 0.0
380 0.0
390 0.0
400 0.30219887028690484
410 0.14006542673883074
420 0.26427761841611386
430 0.28954459094094487
440 0.35402290773384254
450 0.38892485320967407
460 0.37989978150573145
470 0.416582179316911
480 0.4299297773844638
490 0.4126406255249249
500 0.44194346704913035
510 0.4381706734246032
520 0.4454661005480551
530 0.4178139633992051
540 0.43577949456267195
550 0.4306069472471091
560 0.41507566853009226
570 0.45129729477288005
580 0.43848125206605587
590 0.4337467115449561
600 0.45530142474922475
610 0.4529158384773654
620 0.4557399401032959
630 0.44022022976941627
640 0.48402174280435134
650 0.4516590655060151
660 0.49248542067396434
670 0.4870815920523219
680 0.49067726372993903
690 0.5068371024366862
700 0.5220607622914054
710 0.5389006003540746
720 0.5541363874278867
730 0.589637694343897
740 0.6103446043003891
750 0.6451611603324121
760 0.6694732163784276
770 0.7093718246112412
780 0.750478382227862
790 0.7729671246325405
800 0.8260697088336834
810 0.8604627457411409
820 0.8951194396966657
830 0.9151705571962547
840 0.9432533022903573
850 0.9535684176488635
860 0.9690548132950176
870 0.9720228149096876
880 0.9546220009641493
890 0.9343983352933204
900 0.887847463694915
910 0.843444029453887
920 0.7799483104105509
930 0.6999409857716872
940 0.6129344124452384
950 0.53327177361648
960 0.4440557308411418
970 0.3651208403976781
980 0.2923754234914229
990 0.22257239488780373
1000 0.16515533232930868
1010 0.11831358451710593
1020 0.08090632639790366
1030 0.05358945424210179
1040 0.03461739886510268
1050 0.021243386740724957
1060 0.013130491268717081
1070 0.008281172576135424
1080 0.005091868580258495
1090 0.0028972176190862897
1100 0.0020802240118125135
1110 0.0014400236991112172
1120 0.001160737327169288
1130 0.0008848384922927313
1140 0.0005896060607335906
1150 0.0005456723446394588
1160 0.0004594412347428517
1170 0.0003298668591307244
1180 0.00038034562390644585
1190 0.00028231545180826235
1200 0.00020758341181047521
1210 0.00021555522459175942
1220 0.00028335235775660955
1230 0.0002401987374546406
1240 0.0001779447784760497
1250 0.0001436010307985499
1260 0.0001388020589110906
1270 0.00015252192944383724
1280 0.0001583777699334683
1290 0.00010395191597592242
1300 0.00012391628785839317
1310 0.00014759773998704697
1320 0.00011731295623387628
1330 0.00015612667431800896
1340 0.0001257789967340133
1350 9.34760421419973e-05
1360 7.878956463581156e-05
1370 6.756311583892152e-05
1380 9.229262950313693e-05
1390 9.420561064334106e-05
1400 5.801318835838698e-05
1410 6.720170560811013e-05
1420 6.43246142839622e-05
1430 5.9588321877914905e-05
1440 5.857762856088424e-05
1450 7.297095823504677e-05
1460 6.434210712725732e-05
1470 5.423703380290053e-05
1480 3.827123637443114e-05
