0 0.0
10 0.0
20 0.0
30 0.0
40 0.0
50 0.0
60 0.0
70 0.0
80 0.0
90 0.0
100 0.0
110 0.0
120 0.0
130 0.0
140 0.0
150 0.0
160 0.0
170 0.0
180 0.0
190 0.0
200 0.0
210 0.0
220 0.0
230 0.0
240 0.0
250 0.0
260 0.0
270 0.0
280 0.0
290 0.0
300 0.0
310 0.0
320 0.0
330 0.0
340 0.0
350 0.0
360 0.0
370 0.0
380 0.0
390 0.0
400 0.0
410 0.0
420 0.0
430 0.0
440 0.0
450 0.0
460 0.0
470 0.5595087014019632
480 0.5683043891341676
490 0.5717283833283372
500 0.5809863673903571
510 0.5798719117664627
520 0.5847003445579569
530 0.5903208431920417
540 0.5943258029136242
550 0.6052886189459297
560 0.6191725428609527
570 0.6379694626295658
580 0.6618132129389891
590 0.6849049164911197
600 0.7239161085126322
610 0.7543675194199174
620 0.7925440139305715
630 0.8333078982437618
640 0.8682725947770175
650 0.9052724124671395
660 0.9368321812475175
670 0.9638352859606065
680 0.979833233240996
690 0.990593912323021
700 0.982411279632275
710 0.9705068812225466
720 0.9423905404923661
730 0.906847858713507
740 0.8598533031204546
750 0.8005783947922186
760 0.7412828022650109
770 0.6767747036970252
780 0.606872326348235
790 0.5376206370346246
800 0.4690869911600087
810 0.4067622435558499
820 0.3475183944201682
830 0.29196096663647503
840 0.24392152850146082
850 0.20074449457001
860 0.16353837330724463
870 0.1317154002170271
880 0.10628996352469094
890 0.08436596866587322
900 0.06663135157523657
910 0.05214752887557714
920 0.04140825206616753
930 0.03254234914369045
940 0.02528201816943059
950 0.019475553924032073
960 0.01646386554907193
970 0.012891130294033309
980 0.010611239322454431
990 0.008553778463838679
1000 0.007378550783360591
1010 0.0057491126941004375
1020 0.005217454141439134
1030 0.004686933625621401
1040 0.003885261190381472
1050 0.00380155832274507
1060 0.0032317060404377053
1070 0.002443849656241799
1080 0.0023287333430154255
1090 0.002278212707713516
1100 0.0015761325698416598
1110 0.0018734253977803895
1120 0.001133447335877531
1130 0.0009822185136879543
1140 0.0007991906822736324
1150 0.0008510672005607407
1160 0.000612687876271231
1170 0.00024053952823630724
1180 0.00048255371231230786
1190 0.00020472753942009462
1200 0.0002880807620183084
1210 0.00013959095889020225
1220 0.00021864996545828533
1230 0.00010880713311521285
1240 0.0001617835810444235
1250 0.0001111257849709786
1260 7.210598231576923e-05
1270 5.2242210868689974e-05
1280 5.9479382288942246e-05
1290 1.3868570361699944e-05
1300 5.240133224398822e-05
1310 3.7999958770110064e-05
1320 1.266904041864904e-05
1330 3.2165063256749314e-05
1340 1.075724345332257e-05
1350 -4.086761368543117e-06
1360 2.487442087010703e-05
1370 1.9828953491298277e-05
1380 1.9340973277191203e-05
1390 1.2970405770071887e-05
1400 -8.229657676753436e-07
1410 1.0212969142925643e-05
1420 6.111484896604036e-06
1430 1.4336052456532996e-05
1440 1.4237130454273156e-05
1450 7.766851328177453e-06
1460 -3.0295854499553683e-06
1470 6.512330786723435e-06
1480 2.6246553359209087e-05
