0 0.0
10 0.0
20 0.0
30 0.0
40 0.0
50 0.0
60 0.0
70 0.0
80 0.0
90 0.0
100 0.0
110 0.0
120 0.0
130 0.0
140 0.0
150 0.0
160 0.0
170 0.0
180 0.0
190 0.0
200 0.0
210 0.0
220 0.0
230 0.0
240 0.0
250 0.0
260 0.0
270 0.0
280 0.0
290 0.0
300 0.0
310 0.0
320 0.0
330 0.0
340 0.0
350 0.0
360 0.0
370 0.0
380 0.0
390 0.0
400 1.0065799597433036
410 0.9885640616514051
420 0.9980133925123118
430 0.9833432319595521
440 0.962744948337207
450 0.9521924416909421
460 0.9329866892268555
470 0.9119359814934211
480 0.888596100664928
490 0.8681859091356535
500 0.8370048812941246
510 0.801488324622971
520 0.7587813104870786
530 0.709090502977906
540 0.6565833647649768
550 0.5936221953673766
560 0.5357421604374556
570 0.47293385539078514
580 0.41244901304400106
590 0.354957379560499
600 0.3013650738200136
610 0.25229242231274523
620 0.20806651579862928
630 0.17045901506178143
640 0.13767760679643495
650 0.11061788448386187
660 0.08933429882141691
670 0.07165026539511556
680 0.057819448433597126
690 0.04605727412347518
700 0.03799403742529662
710 0.03195924021535609
720 0.027292191286786636
730 0.023079430056843365
740 0.02045216187090758
750 0.018055513209848356
760 0.016744417166877953
770 0.015190064636895682
780 0.014129516299646042
790 0.013746816020158942
800 0.012574113464091574
810 0.012259180623875151
820 0.011877604003311408
830 0.010879785480716924
840 0.01102552101366485
850 0.010347644981589993
860 0.01056787987772227
870 0.010012261644940137
880 0.009936794316514477
890 0.009360230767675623
900 0.00970225378468783
910 0.00969468192920242
920 0.009456637162172626
930 0.009320122800955576
940 0.009501672316563825
950 0.009693355948179987
960 0.009915047107305595
970 0.009268780729802376
980 0.009997462461625223
990 0.009706969567280562
1000 0.010050708503998636
1010 0.009869299059977427
1020 0.009605138287932665
1030 0.009865419009434677
1040 0.009758541766062414
1050 0.009150389573116403
1060 0.008845820340649539
1070 0.008428923513491806
1080 0.008037980649192946
1090 0.007183761980999443
1100 0.006292316629951415
1110 0.005664972543902345
1120 0.004677654671901124
1130 0.004061068909148393
1140 0.0033705210734878022
1150 0.0026570892451802854
1160 0.0020842284093924063
1170 0.001775026185493855
1180 0.0014273427251617864
1190 0.0009593620629890791
1200 0.0008412575761434993
1210 0.0006855859144430403
1220 0.0004937926739306076
1230 0.0003997911431805967
1240 0.0002995191265191516
1250 0.0003077637988141165
1260 0.00021692844385800582
1270 0.00023526346638693974
1280 0.00013779564199206337
1290 8.065957892791201e-05
1300 0.00012694237935671266
1310 0.00010312720233582816
1320 0.00011488225568450558
1330 9.97773930005232e-05
1340 4.8699146277498844e-05
1350 4.486286030436045e-05
1360 6.473728414285573e-05
1370 4.48969153998531e-05
1380 4.791509002037864e-05
1390 7.143874952962522e-05
1400 6.954490282236771e-05
1410 3.7876638735109286e-05
1420 2.4743782514050634e-05
1430 3.172585474473295e-05
1440 4.213666701295896e-05
1450 2.9059317047469906e-05
1460 2.2473593606667672e-05
1470 1.922684497035218e-05
1480 1.1362321930411674e-05
