0 0.0
10 0.0
20 0.0
30 0.0
40 0.0
50 0.0
60 0.0
70 0.0
80 0.0
90 0.0
100 0.0
110 0.0
120 0.0
130 0.0
140 0.0
150 0.0
160 0.0
170 0.0
180 0.0
190 0.0
200 0.0
210 0.0
220 0.0
230 0.0
240 0.0
250 0.0
260 0.0
270 0.0
280 0.0
290 0.0
300 0.0
310 0.0
320 0.0
330 0.0
340 0.0
350 0.0
360 0.0
370 0.0
380 0.0
390 0.0
400 0.0
410 0.0
420 0.0
430 0.0
440 0.0
450 0.7641708471802922
460 0.7630297278942764
470 0.7704659072122657
480 0.7777888516960857
490 0.7884748251114594
500 0.7921404181848796
510 0.8174393929875517
520 0.8361460428465388
530 0.8610408200029772
540 0.8870280856070188
550 0.9159612539735905
560 0.9413191365218948
570 0.959898954701648
580 0.9761324447440167
590 0.9794243230410857
600 0.9721777286008458
610 0.9531353776365985
620 0.9242195662773546
630 0.8828208527255759
640 0.8357127887506559
650 0.7703192645600458
660 0.704247988219492
670 0.6363771511387926
680 0.5647751722503748
690 0.4942111339708533
700 0.42654435623702686
710 0.3618477491307328
720 0.30445914533282986
730 0.2530130286447
740 0.2069743442970942
750 0.16770760823622877
760 0.13600519879772446
770 0.10806399019950785
780 0.0870539002331242
790 0.06820799403404179
800 0.05489354069071474
810 0.04344454582307249
820 0.03589793161479714
830 0.028920191639078222
840 0.02407915642672396
850 0.019759414624265264
860 0.017393664869451562
870 0.015337954293939478
880 0.013027730885867546
890 0.011284410613645188
900 0.011275096326056834
910 0.009692529848011769
920 0.010036915405037953
930 0.008320876950869003
940 0.008308533826114394
950 0.007766481038158339
960 0.007057304376971208
970 0.006992974100968698
980 0.006767967311754647
990 0.006272914092979538
1000 0.005864293876227181
1010 0.005354167876710166
1020 0.005043716277696617
1030 0.004685128288277491
1040 0.004173376411727273
1050 0.00405861469022561
1060 0.003831661797405782
1070 0.0034786435821496245
1080 0.0031568511238317803
1090 0.002533122052168005
1100 0.0027229244201528334
1110 0.001915244236358151
1120 0.0019653543898458642
1130 0.0017701964693510018
1140 0.0014048960539023941
1150 0.0012949807507330216
1160 0.0010998332424385652
1170 0.0009418654334529844
1180 0.0006109703347586671
1190 0.0005663731234142953
1200 0.0005818294292311638
1210 0.0004494009204560869
1220 0.0004151148065703378
1230 0.00021017693824551585
1240 0.00036234891757299943
1250 0.0002137562863451919
1260 0.00016918473555837515
1270 0.0001400019729767472
1280 0.00014845447296150567
1290 9.890339063873246e-05
1300 0.0001074655460429269
1310 6.008948815849068e-05
1320 6.056492329870575e-05
1330 6.52914815965019e-05
1340 5.7296934407965636e-05
1350 3.46002022526766e-05
1360 6.046417338385662e-05
1370 3.747463676193509e-05
1380 3.908040405743914e-05
1390 5.1270299888499154e-05
1400 5.5110641247187266e-05
1410 5.118835076449417e-05
1420 2.7995562715463302e-05
1430 2.9206736042911344e-05
1440 2.9947928542992505e-05
1450 1.7132672145949777e-05
1460 3.534642822715517e-05
1470 3.265463449185354e-05
1480 2.572501547389729e-05
