0 0.0
10 0.0
20 0.0
30 0.0
40 0.0
50 0.0
60 0.0
70 0.0
80 0.0
90 0.0
100 0.0
110 0.0
120 0.0
130 0.0
140 0.0
150 0.0
160 0.0
170 0.0
180 0.0
190 0.0
200 0.0
210 0.0
220 0.0
230 0.0
240 0.0
250 0.0
260 0.0
270 0.0
280 0.0
290 0.0
300 0.0
310 0.0
320 0.0
330 0.0
340 0.0
350 0.0
360 0.0
370 0.0
380 0.0
390 0.0
400 0.24246829767592268
410 0.26994578221923576
420 0.3713853153552753
430 0.3854828621291664
440 0.4203322735669228
450 0.4437949853560255
460 0.44053077989340506
470 0.47325090160450023
480 0.46209212970437086
490 0.4663388616712052
500 0.4679988084150976
510 0.4725407721416859
520 0.4706311001012308
530 0.46917661314582915
540 0.47334021049331704
550 0.4738429435301466
560 0.4698110179363274
570 0.46864511680515064
580 0.4829712146905174
590 0.48318529729856685
600 0.4825153926645454
610 0.49567791002208494
620 0.5020576570905448
630 0.5153323170083747
640 0.528979661831739
650 0.5485917331710465
660 0.5653246703595758
670 0.5864160503875389
680 0.611538336963259
690 0.6466596934211905
700 0.6704667235177925
710 0.7048513596734528
720 0.7413871443434925
730 0.7783935945745524
740 0.8163151400989974
750 0.8508497256697771
760 0.8838126505073779
770 0.9167899697288853
780 0.940986451431878
790 0.9580291006525626
800 0.969785317284017
810 0.9742077151648592
820 0.9680103272167002
830 0.9522549139361727
840 0.9323278922004612
850 0.8931002824748956
860 0.8590085813418891
870 0.8075964971079108
880 0.7540415105595811
890 0.6923289867391351
900 0.6249614168627996
910 0.5545678847646047
920 0.4787827540010295
930 0.4029439873922535
940 0.3303193001375959
950 0.26592022446423813
960 0.20942577963725367
970 0.16128710279244837
980 0.1198339219538607
990 0.08734220170173634
1000 0.06133274225208006
1010 0.04296878625255484
1020 0.02813967336969273
1030 0.018053402915271057
1040 0.011842405120932407
1050 0.007130399048892216
1060 0.004428919895523048
1070 0.0029450919397083232
1080 0.001927646865199418
1090 0.0013137677521761644
1100 0.0008960986545768581
1110 0.0007958767252616724
1120 0.000568611735841613
1130 0.0004139371223687514
1140 0.000374761850562743
1150 0.00030350512138664317
1160 0.0002971708121015239
1170 0.000245851019590615
1180 0.00026520215119472425
1190 0.0002499547918599177
1200 0.00018072821486425395
1210 0.00015681156003183872
1220 0.00023505974746337342
1230 0.00018892609954434316
1240 0.00011836911033141567
1250 0.0001064995218123011
1260 0.00013144605173150535
1270 0.00012813347323704908
1280 0.00010424739572406323
1290 0.00010326658401831762
1300 9.484214010674313e-05
1310 9.246762262660347e-05
1320 7.673578805092729e-05
1330 6.199828315060143e-05
1340 6.833658845497154e-05
1350 8.648641043869267e-05
1360 7.743392534807346e-05
1370 6.874073194261857e-05
1380 3.1569092453117924e-05
1390 4.0128059822521576e-05
1400 6.086716894185237e-05
1410 6.711667993491443e-05
1420 6.402661472972004e-05
1430 3.96595665382206e-05
1440 3.081630378485143e-05
1450 2.9721861827424135e-05
1460 3.096711016803595e-05
1470 3.1934153829658636e-05
1480 3.206922760355194e-05
