0 0.0
10 0.0
20 0.0
30 0.0
40 0.0
50 0.0
60 0.0
70 0.0
80 0.0
90 0.0
100 0.0
110 0.0
120 0.0
130 0.0
140 0.0
150 0.0
160 0.0
170 0.0
180 0.0
190 0.0
200 0.0
210 0.0
220 0.0
230 0.0
240 0.0
250 0.0
260 0.0
270 0.0
280 0.0
290 0.0
300 0.0
310 0.0
320 0.0
330 0.0
340 0.0
350 0.0
360 0.0
370 0.0
380 0.0
390 0.0
400 -0.2328218949804284
410 -0.08073195995344999
420 -0.02298128623318942
430 0.04476707940741656
440 0.12455461214468826
450 0.17629406886362195
460 0.25573676771530734
470 0.2962520865446202
480 0.33581437556041377
490 0.3735413564728046
500 0.4343950387376394
510 0.4484260052727873
520 0.4646315928684614
530 0.46367948191972286
540 0.47066128190466217
550 0.46966689103589476
560 0.4596241016699065
570 0.45600053407586794
580 0.4632455241355449
590 0.45513447361963255
600 0.46439030643731477
610 0.46800348006109316
620 0.4638024298617237
630 0.47103254894259516
640 0.4819569339089097
650 0.4874904587025411
660 0.48639176372155174
670 0.4956323848663178
680 0.515906723200124
690 0.5224079892545417
700 0.5298159700236983
710 0.5569402105843239
720 0.58361969412044
730 0.6045999859893965
740 0.632532255296908
750 0.6705073056733978
760 0.7036559719827742
770 0.737020747847452
780 0.7904513057197087
790 0.8217645875163732
800 0.862401407133707
810 0.9008750902039517
820 0.927823452378385
830 0.9641538001844006
840 0.9729904493590767
850 0.9875665763076429
860 0.9900778304502816
870 0.9740666678266288
880 0.9585882773177513
890 0.9330978354293052
900 0.8863117833897337
910 0.843918626838235
920 0.7877888422964847
930 0.7340544945471977
940 0.6727638803725183
950 0.6045843403138023
960 0.5426222750723639
970 0.4788544431853946
980 0.4125996665515064
990 0.35645167300214686
1000 0.29991344906626927
1010 0.24828867164775367
1020 0.2003121755844671
1030 0.1588056883770596
1040 0.1257588408306962
1050 0.09575810770318044
1060 0.07230509608632739
1070 0.053617681366160165
1080 0.038765947638059045
1090 0.02802809565050124
1100 0.01967986975799701
1110 0.013531428667834114
1120 0.009531887708976927
1130 0.00629772286272584
1140 0.0045089429305345445
1150 0.0030423609930616833
1160 0.0019946147594168103
1170 0.00154727017552035
1180 0.0009696753105971758
1190 0.000804966005157181
1200 0.0005992694427547658
1210 0.00030529761674339166
1220 0.00033643649437133474
1230 0.00020506343619373888
1240 0.00010560462738933227
1250 1.65417742382466e-05
1260 0.00011441228965530475
1270 8.691085897334393e-05
1280 3.3445410316281476e-05
1290 1.1755603235023313e-05
1300 4.659530536978203e-05
1310 1.9219328283683366e-05
1320 6.967339528893852e-06
1330 1.673067847080995e-05
1340 1.299084036757956e-05
1350 7.334300575564647e-06
1360 -1.129233634809615e-06
1370 5.684644562868671e-06
1380 5.432260079256428e-06
1390 4.798993620701355e-06
1400 6.185634910186023e-06
1410 7.335111133396847e-06
1420 2.337611855794107e-06
1430 5.283196960602419e-07
1440 3.923941562988816e-07
1450 -3.0961558438797324e-07
1460 6.72134696731263e-07
1470 -4.916113126159848e-07
1480 8.985881972613867e-07
