0 0.0
10 0.0
20 0.0
30 0.0
40 0.0
50 0.0
60 0.0
70 0.0
80 0.0
90 0.0
100 0.0
110 0.0
120 0.0
130 0.0
140 0.0
150 0.0
160 0.0
170 0.0
180 0.0
190 0.0
200 0.0
210 0.0
220 0.0
230 0.0
240 0.0
250 0.0
260 0.0
270 0.0
280 0.0
290 0.0
300 0.0
310 0.0
320 0.0
330 0.0
340 0.0
350 0.0
360 0.0
370 0.0
380 0.0
390 0.0
400 0.9592763187715282
410 0.9752582642402028
420 0.962422109442697
430 0.9530420440749123
440 0.9210733278662843
450 0.9333002179997872
460 0.9212227636643397
470 0.9307413441713686
480 0.9506307567323863
490 0.9532246145610663
500 0.9573720258187821
510 0.9558046195490432
520 0.9584896971870739
530 0.9500369407244463
540 0.9397738749284634
550 0.9234175036715263
560 0.8956083513759295
570 0.8623235812111085
580 0.8233472474064102
590 0.7758894720803211
600 0.7231931625589012
610 0.674030171509421
620 0.6161750259668398
630 0.5639642303329965
640 0.5106649560734428
650 0.466783215752026
660 0.4230282681683122
670 0.38301164672135624
680 0.3466244137729404
690 0.31639130657091846
700 0.2826861619966712
710 0.25953503577460135
720 0.2354753000290323
730 0.2160242739969317
740 0.19922902615500548
750 0.18502278452651597
760 0.17271982227071758
770 0.1595674106527513
780 0.149556550072789
790 0.14066684624278988
800 0.13141243882011275
810 0.12304601846508383
820 0.11592133955716703
830 0.1084304852464052
840 0.10278182456126234
850 0.09749313346056976
860 0.0926774747060585
870 0.08715701024766992
880 0.08214715347971524
890 0.07889018853247722
900 0.07456217089957938
910 0.07004758049112336
920 0.06614713766302649
930 0.06378729142091712
940 0.059882525971956264
950 0.055809508070789576
960 0.053727450779956054
970 0.04979062855062183
980 0.04671076884601244
990 0.04432931460925941
1000 0.04059648318969575
1010 0.03874416059478099
1020 0.03505716061338212
1030 0.03196451083649331
1040 0.02984540748135858
1050 0.02722020144807446
1060 0.02458343320010124
1070 0.02213972258391344
1080 0.01999254525925305
1090 0.017903547107612022
1100 0.015745978412299425
1110 0.014501988275085712
1120 0.012908241726196281
1130 0.01170560257471815
1140 0.009934049626389057
1150 0.009426265396506298
1160 0.00821780674031084
1170 0.007365013942529143
1180 0.006782632549348785
1190 0.006138468239936129
1200 0.005597372603229705
1210 0.004928038198203958
1220 0.004534218116193589
1230 0.0042034319332114115
1240 0.0036872851351109955
1250 0.0036019227516374715
1260 0.003065837549620152
1270 0.0028509087420837275
1280 0.002503644798503523
1290 0.0024979939314518397
1300 0.002371952220122043
1310 0.002154950571996638
1320 0.00193473598842883
1330 0.0018631825383623676
1340 0.001475777722921009
1350 0.0013826835209230508
1360 0.0014601521845542544
1370 0.001305987737280249
1380 0.0013974408928646978
1390 0.001278886707247389
1400 0.001046290086884256
1410 0.0010730886624587392
1420 0.0009546899915918147
1430 0.0009660736740721024
1440 0.001019387759015787
1450 0.0007626339224861285
1460 0.0007249409107941106
1470 0.0007293426836218351
1480 0.0007171249530428653
