0 0.0
10 0.0
20 0.0
30 0.0
40 0.0
50 0.0
60 0.0
70 0.0
80 0.0
90 0.0
100 0.0
110 0.0
120 0.0
130 0.0
140 0.0
150 0.0
160 0.0
170 0.0
180 0.0
190 0.0
200 -0.0
210 -0.0
220 -0.0
230 -0.0
240 -0.0
250 -0.0
260 -0.0
270 -0.0
280 -0.0
290 -0.0
300 -0.0
310 -0.0
320 -0.0
330 -0.0
340 -0.0
350 -0.0
360 -36.523498744138294
370 -0.10848579310595469
380 0.22581152656586875
390 0.4545199605304008
400 0.5558542354896179
410 0.6589111690702975
420 0.7438776454989727
430 0.753129848276518
440 0.7661340910946884
450 0.6875728497506772
460 0.5924668465598997
470 0.5445251318358784
480 0.49528871468120494
490 0.47044753879581763
500 0.45628673060629926
510 0.4594867378257145
520 0.4436048406762438
530 0.4402646837002683
540 0.42345299389220986
550 0.4339620437027635
560 0.4303683198465385
570 0.45133632115322725
580 0.4681578827779671
590 0.4903943239892834
600 0.5233226694421791
610 0.5623172973735279
620 0.6003158765964862
630 0.6461856155690688
640 0.6983706285978236
650 0.7497184690528637
660 0.8091340463174794
670 0.8631819040925923
680 0.910303618214488
690 0.9520829302571064
700 0.9844809795031322
710 1.0088695443403202
720 1.015445525485387
730 1.0107379426617684
740 0.9909065904874201
750 0.9600717684683462
760 0.9176003775044622
770 0.8646191979709972
780 0.8044158275993365
790 0.7401597308789105
800 0.6740537361827447
810 0.6079766862416486
820 0.5436029805499585
830 0.4838662608529932
840 0.42776849562110364
850 0.37862111065683
860 0.33331956697880394
870 0.2949089498847786
880 0.2616324199449421
890 0.23295087153053634
900 0.2084607193591731
910 0.18759314977655497
920 0.16961030312043424
930 0.15518342457836373
940 0.1409933532158788
950 0.13143705891051896
960 0.12111859904310691
970 0.1125301250134873
980 0.10472664781227872
990 0.09761101791325554
1000 0.09095348679335327
1010 0.08459403445001511
1020 0.08027969908168146
1030 0.07583087315514109
1040 0.07258679755553248
1050 0.06982065475924404
1060 0.06824715733824206
1070 0.06660181487214167
1080 0.06556060113580549
1090 0.06302660119590782
1100 0.06198909414359613
1110 0.060166046537127565
1120 0.05884507502785129
1130 0.056392674476840036
1140 0.055506990944822476
1150 0.052763386431210174
1160 0.05075400451690416
1170 0.048889924429561235
1180 0.04704783017315167
1190 0.044819227528088035
1200 0.042710322599387396
1210 0.040592864998901745
1220 0.03791756072388357
1230 0.035402314368929114
1240 0.0328910857083788
1250 0.030860655667748604
1260 0.02737807121826874
1270 0.02472077114186194
1280 0.022081986199273047
1290 0.018818528463627363
1300 0.016129970076279053
1310 0.014091764516770633
1320 0.011860134964759579
1330 0.010052069359778176
1340 0.008262390819690357
1350 0.006560725212252324
1360 0.005500411476153932
1370 0.004611211616721375
1380 0.003636348372482428
1390 0.00305967816472338
1400 0.0023339827342995726
1410 0.0020982363381007643
1420 0.0018142838873265936
1430 0.0015921525839907866
1440 0.001474704899959218
1450 0.001266313594958618
1460 0.0011380555030066557
1470 0.0009637218694047384
1480 0.0008401541376575623
