0 0.0
10 0.0
20 0.0
30 0.0
40 0.0
50 0.0
60 0.0
70 0.0
80 0.0
90 0.0
100 0.0
110 0.0
120 0.0
130 0.0
140 0.0
150 0.0
160 0.0
170 0.0
180 0.0
190 0.0
200 0.2443203934674677
210 -0.06929554684581522
220 0.17155233990708643
230 0.14437033266682195
240 -0.08865330072621344
250 0.20705013797771488
260 0.2891567363754873
270 0.26888038545866183
280 0.40112437839886517
290 0.2859786465617572
300 0.39735614146383524
310 0.33202370501060446
320 0.48557847990448466
330 0.379320101412817
340 0.5204088361152294
350 0.5593056067871894
360 0.5667724245680581
370 0.68511840202939
380 0.7381878865126318
390 0.7281687668655411
400 0.7810027672529871
410 0.812930143398466
420 0.8013788452130198
430 0.8054098361919081
440 0.7947204900278453
450 0.8073592334683267
460 0.802718506642333
470 0.817403191355507
480 0.8470631933183863
490 0.8549905732133295
500 0.8838475249404908
510 0.9006419539005216
520 0.9243074963009067
530 0.94251858575859
540 0.9740334080249038
550 0.9804543866779901
560 1.0012850098557593
570 1.0032672016086104
580 0.9980631111257704
590 0.9851923757092095
600 0.9581063235690572
610 0.9276713728842665
620 0.8848340214862599
630 0.833614612724004
640 0.7808833667085071
650 0.7235924624034223
660 0.6660515750106586
670 0.6136533568441351
680 0.5593475387815814
690 0.5167620440069434
700 0.46685764036761807
710 0.4266749384800559
720 0.3909804740620379
730 0.3571696025452417
740 0.33077218660437036
750 0.3058022054049597
760 0.27899983918754456
770 0.26137490905034744
780 0.24384683595123466
790 0.22656127436520876
800 0.21276079135391757
810 0.19706730548834803
820 0.18968253700407026
830 0.17901490120851127
840 0.16623761903800297
850 0.15750244491448312
860 0.1490147600992456
870 0.1426614733321244
880 0.1373129896990266
890 0.12903095035411677
900 0.12319551508103388
910 0.11772092700168552
920 0.1121827189421116
930 0.10592152364970517
940 0.10191314500186031
950 0.09705308530226797
960 0.09161385390023452
970 0.08782750433223309
980 0.0817500835585279
990 0.07760510219859185
1000 0.07273118819776886
1010 0.06767163414907755
1020 0.06347995118776976
1030 0.05843352164538247
1040 0.05448442135528875
1050 0.050414257170073265
1060 0.04548454193280234
1070 0.04219678038580983
1080 0.038011540334105275
1090 0.034700539435591204
1100 0.031315082442407466
1110 0.02796360360564134
1120 0.026340985384451586
1130 0.022127256900167883
1140 0.020604807830530293
1150 0.01907176100321554
1160 0.01627581893851785
1170 0.014763811517455228
1180 0.013947251978185025
1190 0.012571158231103807
1200 0.011417643653583776
1210 0.010258612481457584
1220 0.009360285375691182
1230 0.008521217774219169
1240 0.0074678590631193946
1250 0.00723260773825562
1260 0.006760503108205139
1270 0.005566679245458373
1280 0.005338133590870121
1290 0.004703399480137401
1300 0.0045975767589317065
1310 0.00434630846882041
1320 0.003749042407955618
1330 0.0036261504825986367
1340 0.0033675574348821123
1350 0.003069836056825055
1360 0.0028923319235220164
1370 0.0029982239550095675
1380 0.0027052999661642645
1390 0.0026386539333909274
1400 0.002318554917266231
1410 0.0022596196532853447
1420 0.002216999830316313
1430 0.0019164622182221607
1440 0.0017375175831332447
1450 0.0016127609797263664
1460 0.0017331904535536798
1470 0.0016209027431896095
1480 0.0014045785995638461
