0 0.0
10 0.0
20 0.0
30 0.0
40 0.0
50 0.0
60 0.0
70 0.0
80 0.0
90 0.0
100 0.0
110 0.0
120 0.0
130 0.0
140 0.0
150 0.0
160 0.0
170 0.0
180 0.0
190 0.0
200 -0.0
210 -0.0
220 -0.0
230 -0.0
240 -0.0
250 -0.0
260 -0.0
270 -0.0
280 -0.0
290 -0.0
300 -0.0
310 -0.0
320 -0.0
330 -0.0
340 -0.0
350 -0.0
360 0.0
370 0.5992392374176788
380 0.709138075373127
390 0.8249313980354894
400 0.9456246529909134
410 0.9665865157356839
420 0.9619481097487298
430 0.9640318660831291
440 0.9263099942141616
450 0.8642672915147049
460 0.7974911315205363
470 0.7737978286475427
480 0.7405007190960051
490 0.7274642592696021
500 0.7385087303413747
510 0.7554591498048367
520 0.7713177696217487
530 0.7942148727326971
540 0.8176433237186733
550 0.8462414209034479
560 0.8779092202508219
570 0.9104186194782331
580 0.9431642594077067
590 0.9703819214550873
600 0.9851813716511794
610 0.9969415517212199
620 1.0016618899690932
630 0.9892529705967156
640 0.9701835764983014
650 0.9377506389239367
660 0.8952697009213871
670 0.8423238278176772
680 0.786941644193065
690 0.7214080238758174
700 0.6560478141781728
710 0.5914354577849595
720 0.5275171239108963
730 0.46761911813664125
740 0.4128916771429844
750 0.3640321329181596
760 0.3194259626898871
770 0.2820422738651459
780 0.24936542009639967
790 0.22297937259223743
800 0.19962932626571742
810 0.18016328829043204
820 0.16467421895126383
830 0.1513869745918559
840 0.1396825434042245
850 0.13029351121565588
860 0.12202085015797828
870 0.11514232581392675
880 0.1087952718333691
890 0.102334491736194
900 0.09771783599620186
910 0.09235909849871712
920 0.08755456904928634
930 0.08284054138138272
940 0.07865669027950992
950 0.07445367115553475
960 0.06977150211267943
970 0.06566104617535748
980 0.06092392250703449
990 0.05789265047463599
1000 0.05402778899949765
1010 0.050510729922705694
1020 0.0484562821637952
1030 0.04595018083945203
1040 0.04437500844040017
1050 0.04309478618509123
1060 0.04215349882067643
1070 0.04146299963154337
1080 0.04070448309592572
1090 0.04037272323202046
1100 0.03919061208145578
1110 0.038129929767697184
1120 0.03698978277981452
1130 0.0364352450673469
1140 0.034848467364730594
1150 0.03374782407267543
1160 0.03250003133555953
1170 0.031089066255536632
1180 0.02986415428315651
1190 0.02825809956103617
1200 0.026922900348586597
1210 0.025310928858498512
1220 0.023564334635974623
1230 0.021921978077362597
1240 0.019911135234793327
1250 0.018136944434975204
1260 0.015893546231924714
1270 0.014233040771396482
1280 0.012267639837540954
1290 0.010595964071518317
1300 0.008917063573613186
1310 0.007347983212224791
1320 0.006275872020941564
1330 0.004896315922047775
1340 0.004103717808121373
1350 0.003349050188982518
1360 0.002843173349202039
1370 0.0022904310440247182
1380 0.0018759915306207277
1390 0.0015711250801109633
1400 0.0012824206694542122
1410 0.0011103538648372254
1420 0.0010682717492434496
1430 0.0009170259412580123
1440 0.0007846295038048511
1450 0.0006651456132978328
1460 0.0006175710128828133
1470 0.0005781442833588673
1480 0.0005177211940950478
