0 0.0
10 0.0
20 0.0
30 0.0
40 0.0
50 0.0
60 0.0
70 0.0
80 0.0
90 0.0
100 0.0
110 0.0
120 0.0
130 0.0
140 0.0
150 0.0
160 0.0
170 0.0
180 0.0
190 0.0
200 -0.0
210 -0.0
220 -0.0
230 -0.0
240 -0.0
250 -0.0
260 -0.0
270 -0.0
280 -0.0
290 -0.0
300 -0.0
310 -0.0
320 -0.0
330 -0.0
340 -0.0
350 -0.0
360 -0.0
370 0.0
380 0.9275480626891119
390 0.9701175741873068
400 1.0488298528295514
410 1.0311487245701654
420 1.0028665935071979
430 0.9938244539066097
440 0.982827544586192
450 0.9480958668836924
460 0.9055957638271308
470 0.8976692455392066
480 0.8798453092841085
490 0.888361744934532
500 0.9044225466679551
510 0.9250452124212474
520 0.9393972560599686
530 0.9529226322496227
540 0.9617885884982547
550 0.96611652052516
560 0.9688655915390223
570 0.9576075093131962
580 0.9440700402461486
590 0.9176096335450437
600 0.8857405606279771
610 0.844099788537644
620 0.7917117147455335
630 0.738081808603251
640 0.6771251868949575
650 0.6148960931594132
660 0.5517029297492743
670 0.48785274031367504
680 0.4289536714212328
690 0.3746397682679372
700 0.32554060428000664
710 0.281280060085882
720 0.24444613238786556
730 0.2108766116679291
740 0.18340468884563257
750 0.16070829795242544
760 0.14172076033480885
770 0.1268048223629282
780 0.11379811013405032
790 0.10400631659585713
800 0.09534307267192305
810 0.08793089062332853
820 0.08147725564381343
830 0.07523897572224983
840 0.07094387910154708
850 0.06620721514028784
860 0.061877902775677514
870 0.05813900081894269
880 0.05501717139778744
890 0.0518640613226448
900 0.048436070577530785
910 0.0460756864804437
920 0.04372493795398093
930 0.04092858321989364
940 0.03906125578454094
950 0.03674407273544769
960 0.03460438858502435
970 0.03251430114312341
980 0.030038354323062653
990 0.02839532682486011
1000 0.026534563089241413
1010 0.02506485242340505
1020 0.02359825413912572
1030 0.022597827223875024
1040 0.02147113677462685
1050 0.02062482873640994
1060 0.020569406412812068
1070 0.019959211469180338
1080 0.019959336574592482
1090 0.019846551842038502
1100 0.01902237164546808
1110 0.01817611335795513
1120 0.017394976841912616
1130 0.016922660918192278
1140 0.016045284785336435
1150 0.015230742537865789
1160 0.014541268689549018
1170 0.013718585672879837
1180 0.01293369249525041
1190 0.012120263524615392
1200 0.010918391125393553
1210 0.010140682203548109
1220 0.009282931574621605
1230 0.008646116235985995
1240 0.007771871252103279
1250 0.006967492387631716
1260 0.005963109603580734
1270 0.005304969229263201
1280 0.004625265437333119
1290 0.0039034301667633577
1300 0.003367939019186506
1310 0.002846850994724425
1320 0.0023128744246547206
1330 0.001844462444893157
1340 0.0015368672796924917
1350 0.0013093869834206193
1360 0.0011144788731070822
1370 0.0009081645756176111
1380 0.000735158975488881
1390 0.0006278931681585473
1400 0.0005510406235555511
1410 0.0004994252334475867
1420 0.0004303960300605543
1430 0.00041722110359319745
1440 0.00033526894211872955
1450 0.0003249592166367888
1460 0.0002800926582890917
1470 0.00025483278633688404
1480 0.00025173892099106384
