0 0.0
10 0.0
20 0.0
30 0.0
40 0.0
50 0.0
60 0.0
70 0.0
80 0.0
90 0.0
100 0.0
110 0.0
120 0.0
130 0.0
140 0.0
150 0.0
160 0.0
170 0.0
180 0.0
190 0.0
200 -0.0
210 -0.0
220 -0.0
230 -0.0
240 -0.0
250 -0.0
260 -0.0
270 -0.0
280 -0.0
290 -0.0
300 -0.0
310 -0.0
320 -0.0
330 -0.0
340 -0.0
350 -0.0
360 -37.563308910861586
370 0.3236526179910862
380 0.5361779502634081
390 0.6910658888079966
400 0.8241534091861293
410 0.8551973574579385
420 0.9149445183761666
430 0.891706006046795
440 0.8752958738868191
450 0.7837839501214254
460 0.7089786471673827
470 0.6471490678114138
480 0.5923359326621007
490 0.5718710547291659
500 0.5691895048063079
510 0.5759773011771165
520 0.5734170158143905
530 0.5825396369140694
540 0.5964760746342413
550 0.6248495871175161
560 0.6536493220523261
570 0.695506099751084
580 0.7343037720973368
590 0.7825134912542807
600 0.8260030194846759
610 0.8724960055342785
620 0.9154832988304434
630 0.951749270716365
640 0.9823136871137533
650 1.003014181586839
660 1.0124969443694702
670 1.0099092232008284
680 0.9933008001904997
690 0.9659837130610832
700 0.9245426578536795
710 0.8750844097276071
720 0.8169359874831261
730 0.7553474084227273
740 0.6899870713529677
750 0.6241442350381774
760 0.5600800978454736
770 0.5009963565936456
780 0.44449361687494715
790 0.3953653878193786
800 0.35110376316859476
810 0.31127789231972797
820 0.2781277276683962
830 0.24893459782593994
840 0.22594034165809807
850 0.20385810254632594
860 0.1876102843816554
870 0.17212187935913917
880 0.1593363378606416
890 0.14900523784670802
900 0.13869620329530616
910 0.13113766138150867
920 0.12355688081951069
930 0.11748597523739983
940 0.11104005253916988
950 0.10548525298602213
960 0.09981322360478354
970 0.09506308456622428
980 0.09007341993381641
990 0.08479461490271673
1000 0.07979473973595817
1010 0.07508650412849932
1020 0.07099723355618705
1030 0.06758883996487242
1040 0.06449851369733982
1050 0.061381744921451965
1060 0.05879609139521541
1070 0.0574394098569479
1080 0.05633573976198121
1090 0.05502125026132534
1100 0.05485536742163303
1110 0.05351468927260753
1120 0.05173077275448032
1130 0.050610575640010834
1140 0.04921972728328155
1150 0.047699132975209495
1160 0.045664520157421826
1170 0.04421098283116122
1180 0.04216129125073304
1190 0.04017146198353017
1200 0.03841023106565242
1210 0.03638064048141886
1220 0.034012883211504544
1230 0.03177507709313277
1240 0.029605986419041753
1250 0.02653990922110537
1260 0.024607875033040995
1270 0.02198858971412938
1280 0.019885794858119567
1290 0.01718811578350038
1300 0.015001426174188046
1310 0.013053212948357528
1320 0.010682739182943
1330 0.009095793533439102
1340 0.0076026433655770114
1350 0.005905382430260732
1360 0.005395241441223708
1370 0.004572942267418465
1380 0.003438913224563004
1390 0.002555790011907408
1400 0.0019026721877340984
1410 0.0020363639253434427
1420 0.0016967279572712474
1430 0.0014799789628749621
1440 0.0013587480022853081
1450 0.0012003072641941438
1460 0.0010497753701348513
1470 0.0009237770936793804
1480 0.0008544905288758281
