0 0.0
10 0.0
20 0.0
30 0.0
40 0.0
50 0.0
60 0.0
70 0.0
80 0.0
90 0.0
100 0.0
110 0.0
120 0.0
130 0.0
140 0.0
150 0.0
160 0.0
170 0.0
180 0.0
190 0.0
200 -0.0
210 -0.0
220 -0.0
230 -0.0
240 -0.0
250 -0.0
260 -0.0
270 -0.0
280 -0.0
290 -0.0
300 -0.0
310 -0.0
320 -0.0
330 -0.0
340 -0.0
350 -0.0
360 -0.0
370 -0.0
380 0.0
390 0.04475654476112391
400 0.0
410 0.15299301973431934
420 0.23577696920497676
430 0.28442665848712284
440 0.36409344295500945
450 0.3665907419745852
460 0.3647469952089486
470 0.37316940377794566
480 0.34640393045662254
490 0.3493296869924517
500 0.34479788298942665
510 0.327337628173584
520 0.337647210850772
530 0.32531283877990824
540 0.31082353533017115
550 0.31011915993505673
560 0.29853689518963156
570 0.30080276819517743
580 0.2947902482255595
590 0.2948753259932294
600 0.2936419829409879
610 0.29082293172648493
620 0.2965943773629029
630 0.30521098078477893
640 0.31064573266844087
650 0.32649298577874497
660 0.338452555527488
670 0.3624958572111073
680 0.3868367896352978
690 0.4132186297272331
700 0.44718600458094365
710 0.4873924868039786
720 0.5312950020101813
730 0.5809217579486469
740 0.6375098876962971
750 0.6933816603791938
760 0.7540091987937934
770 0.8131268005873638
780 0.8678243640191985
790 0.9176201324950995
800 0.9555234536344694
810 0.985075485671843
820 1.0032708651910425
830 1.0080375327766558
840 0.9940338610823856
850 0.9756407734584067
860 0.9380599686127784
870 0.8922157906682606
880 0.8368735223950425
890 0.7776888280944532
900 0.7134924570094819
910 0.6447887215195351
920 0.5762379951990265
930 0.5088964376453396
940 0.4427960589647278
950 0.3840275500286253
960 0.32797420837272323
970 0.27536653309468007
980 0.23019753998851503
990 0.19484377991220772
1000 0.16268764442383238
1010 0.14577593672075326
1020 0.13120288449071155
1030 0.12150270925648898
1040 0.11314311298796531
1050 0.10703864763092187
1060 0.10250620096742652
1070 0.09697420996722764
1080 0.09091871390780068
1090 0.08549074241660723
1100 0.08065480509230905
1110 0.07535311435795762
1120 0.06934627540699773
1130 0.06556039296762922
1140 0.06180698131222592
1150 0.05739198834161813
1160 0.053833672750338644
1170 0.05132285764591717
1180 0.0481967873171247
1190 0.045403882664759164
1200 0.04261051199492959
1210 0.03996305675450024
1220 0.037093135063919674
1230 0.035045920175694856
1240 0.03241339647955384
1250 0.029413183480255168
1260 0.027269621460666253
1270 0.024303499291985668
1280 0.021088218081512577
1290 0.018871352631246317
1300 0.016166794644902602
1310 0.013395175022820203
1320 0.01136981883889422
1330 0.009396985052131213
1340 0.007684891407799628
1350 0.006545634472199875
1360 0.005194539747385992
1370 0.004362269069166962
1380 0.003334978413961236
1390 0.0026055935427308705
1400 0.002104851663003551
1410 0.0018654972118491674
1420 0.0015322389606733152
1430 0.0013443330395455184
1440 0.0011707747736621347
1450 0.0009926456821844358
1460 0.0009084651624037471
1470 0.0005735600754394006
1480 0.00048048361708015854
