0 0.0
10 0.0
20 0.0
30 0.0
40 0.0
50 0.0
60 0.0
70 0.0
80 0.0
90 0.0
100 0.0
110 0.0
120 0.0
130 0.0
140 0.0
150 0.0
160 0.0
170 0.0
180 0.0
190 0.0
200 -0.0
210 -0.0
220 -0.0
230 -0.0
240 -0.0
250 -0.0
260 -0.0
270 -0.0
280 -0.0
290 -0.0
300 -0.0
310 -0.0
320 -0.0
330 -0.0
340 -0.0
350 -0.0
360 -0.0
370 -0.0
380 -33.71388453702931
390 0.17728390871921476
400 0.2039198631824336
410 0.4104915918097368
420 0.401745200736509
430 0.4740348687856332
440 0.5227862494049014
450 0.5050339227993538
460 0.46580063208900185
470 0.45966165281435
480 0.4052714642523692
490 0.4016797868779958
500 0.39312422667412494
510 0.39197192195186664
520 0.36525499943412804
530 0.36868814788122545
540 0.3636516521207569
550 0.35355725105245045
560 0.34937938037300836
570 0.35180682321899914
580 0.35708936997391255
590 0.35545015857060724
600 0.36849541896865445
610 0.3799177215780679
620 0.39257719142719627
630 0.41633101970548936
640 0.4446689547558309
650 0.4804512408953948
660 0.522036417099708
670 0.5637191272743312
680 0.6164973012173142
690 0.671198637311386
700 0.7258269871680706
710 0.7877531345902965
720 0.8447009971465238
730 0.8953679745439271
740 0.9417601427408362
750 0.97813105453581
760 1.0023038262128807
770 1.0151106706947226
780 1.0093475036785873
790 0.9921607020004587
800 0.9582311822414722
810 0.9152476970578522
820 0.8597053757437763
830 0.7994535474246066
840 0.7305345712156585
850 0.6627638169997456
860 0.5945909702551841
870 0.5280118123935627
880 0.4650101056027256
890 0.4074288495468293
900 0.35407217770997507
910 0.309085024210028
920 0.26723285956735465
930 0.23187098351623223
940 0.2007365371912006
950 0.17528803350062427
960 0.1526930991541353
970 0.13552918346360887
980 0.11995680077760736
990 0.10509372820006779
1000 0.09543945987099561
1010 0.08614372445833864
1020 0.07791622950778135
1030 0.07412151970208952
1040 0.0694440120319796
1050 0.06528200840957063
1060 0.06297432112362393
1070 0.061090167492721746
1080 0.05956323244029324
1090 0.057451975346567416
1100 0.05567802656497135
1110 0.05419989385134852
1120 0.051979706707918516
1130 0.0502390369267378
1140 0.048080163563663514
1150 0.04653922815496868
1160 0.04559252648549291
1170 0.04331522527096266
1180 0.04044099123250637
1190 0.03993924084527374
1200 0.037556661219787436
1210 0.03465628066824039
1220 0.03257700794921936
1230 0.030463337117750462
1240 0.029279218134659127
1250 0.027980086547337128
1260 0.025203259287966955
1270 0.02316710196595441
1280 0.019421816174349057
1290 0.01790761541898666
1300 0.015298469293528702
1310 0.012386331171034076
1320 0.011865463371409308
1330 0.00888337591355101
1340 0.008308937968865011
1350 0.006755234030837546
1360 0.005306648461069304
1370 0.003887762091291134
1380 0.0037846208008616464
1390 0.0030153603625205673
1400 0.002390756483838467
1410 0.0015808734876034678
1420 0.0015971505441203233
1430 0.0019742509303783875
1440 0.0016022848252275656
1450 0.0010724096527565707
1460 0.0008926695523879869
1470 0.0006329109492055886
1480 0.0006378996978185825
