0 0.0
10 0.0
20 0.0
30 0.0
40 0.0
50 0.0
60 0.0
70 0.0
80 0.0
90 0.0
100 0.0
110 0.0
120 0.0
130 0.0
140 0.0
150 0.0
160 0.0
170 0.0
180 0.0
190 0.0
200 -0.0
210 -0.0
220 -0.0
230 -0.0
240 -0.0
250 -0.0
260 -0.0
270 -0.0
280 -0.0
290 -0.0
300 -0.0
310 -0.0
320 -0.0
330 -0.0
340 -0.0
350 -0.0
360 -0.0
370 -0.0
380 0.0
390 0.0
400 0.0
410 0.0
420 0.0
430 0.0
440 0.0774195890506903
450 0.12243765887228139
460 0.16184796197077495
470 0.22229499991410218
480 0.2496032678744059
490 0.2714929054996164
500 0.2676423631527783
510 0.2713847216959262
520 0.261122763829167
530 0.2824018038540178
540 0.2894420468334901
550 0.2767828322763075
560 0.2934182581333741
570 0.27327750171807613
580 0.27843358563363957
590 0.2738571452196966
600 0.27384004890821606
610 0.27460195706030305
620 0.2654241453997749
630 0.27204844218645086
640 0.26532643999287475
650 0.2703935413591702
660 0.26999310247305336
670 0.2747895203581091
680 0.2862151288675133
690 0.29573344384294964
700 0.3131367432280231
710 0.32541376533049493
720 0.34944822553008154
730 0.37132267662700125
740 0.4018889105482649
750 0.43908068426033076
760 0.48003093560027305
770 0.5316446017678904
780 0.5759916917766416
790 0.6390191212079386
800 0.6933384538101849
810 0.7519040732329227
820 0.8113924467533997
830 0.8651607139257458
840 0.9124854936629351
850 0.947183558515698
860 0.9786621952600599
870 0.9961304094117128
880 1.000845680403745
890 0.9898244144150469
900 0.9664212740072915
910 0.9337333252080593
920 0.8859003145912424
930 0.8323281093723183
940 0.7675272154497179
950 0.6977401476041233
960 0.6257513871875522
970 0.5546616268872833
980 0.4817460726293679
990 0.40180892739513707
1000 0.33840183759765774
1010 0.27910078471042743
1020 0.23103342419981507
1030 0.1966865955020234
1040 0.17060396913500978
1050 0.15669078445730764
1060 0.147995711824484
1070 0.14075601459647857
1080 0.1351599142223888
1090 0.1280697994188776
1100 0.11610909334776243
1110 0.10855421697539516
1120 0.09980971070833566
1130 0.09110359259937516
1140 0.0807209089806604
1150 0.07478137750247889
1160 0.06948819455198979
1170 0.06224930888274706
1180 0.05661040564361687
1190 0.051675842991470766
1200 0.04806885615682141
1210 0.044256453768490786
1220 0.040024612861033336
1230 0.03611380436062643
1240 0.033463515234480365
1250 0.030762158717633846
1260 0.02772906282086606
1270 0.024192130336776925
1280 0.021553175528497486
1290 0.01886952532734159
1300 0.016553281549641533
1310 0.01416023777043085
1320 0.0120363594733254
1330 0.01010174214513472
1340 0.008023525101043927
1350 0.006771740486119261
1360 0.005346541586243535
1370 0.004473553723962278
1380 0.00396744618719127
1390 0.003155688476324324
1400 0.0027186126793661692
1410 0.0023743537950731705
1420 0.0018783770785654795
1430 0.0015252496858923935
1440 0.0013428811502949796
1450 0.001159794629500916
1460 0.0011991517447181306
1470 0.0008958808094167701
1480 0.0006874564989797522
